Crop_french,ID,Seq,Prod_loc,Climate,Marketing,Settingup,Harvest_start,Harvest_end,Winter_storage,Stor_sell_end,Norm_sell_end,Crop category,Harvest_total,Sale_last,Shmin_month,Shmax_total,Sale_Jan,Sale_Feb,Sale_Mar,Sale_Apr,Sale_May,Sale_Jun,Sale_Jul,Sale_Aug,Sale_Sep,Sale_Oct,Sale_Nov,Sale_Dec,Growing_Jan,Growing_Feb,Growing_Mar,Growing_Apr,Growing_May,Growing_Jun,Growing_Jul,Growing_Aug,Growing_Sep,Growing_Oct,Growing_Nov,Growing_Dec
Carotte botte,1133,,Field,Cool,9M,6,9,10,no,12,10,Carrot,2,4,1,16,0,0,0,0,0,0,0,0,1,1,0,0,0,0,0,0,0,1,1,1,1,1,0,0
Carotte conservation,1132,,Field,Cool,12M,6,10,10,yes,4,10,Carrot,2,7,1,28,1,1,1,1,0,0,0,0,0,1,1,1,0,0,0,0,0,1,1,1,1,1,0,0
Pomme de terre conservation,1130,,Field,Cool,12M,4,9,10,yes,4,4,Potato,2,8,1,32,1,1,1,1,0,0,0,0,1,1,1,1,0,0,0,1,1,1,1,1,1,1,0,0
Tomate classique,1129,,Tunnel,Mild,9M,6,8,10,no,12,10,Tomato,3,3,1,12,0,0,0,0,0,0,0,1,1,1,0,0,0,0,0,0,0,1,1,1,1,1,0,0
Tomate classique,1128,,Tunnel,Mild,9M,5,7,10,no,12,10,Tomato,4,4,1,16,0,0,0,0,0,0,1,1,1,1,0,0,0,0,0,0,1,1,1,1,1,1,0,0
Tomate classique,1127,,Tunnel,Mild,9M,4,7,10,no,12,10,Tomato,4,4,1,16,0,0,0,0,0,0,1,1,1,1,0,0,0,0,0,1,1,1,1,1,1,1,0,0
Tomate classique,1126,,Tunnel,Mild,9M,4,6,10,no,12,10,Tomato,5,5,1,20,0,0,0,0,0,1,1,1,1,1,0,0,0,0,0,1,1,1,1,1,1,1,0,0
Tomate cerise,1125,,Tunnel,Mild,9M,5,7,10,no,12,10,Tomato,4,4,1,16,0,0,0,0,0,0,1,1,1,1,0,0,0,0,0,0,1,1,1,1,1,1,0,0
Tomate cerise,1124,,Tunnel,Mild,9M,4,6,10,no,12,10,Tomato,5,5,1,20,0,0,0,0,0,1,1,1,1,1,0,0,0,0,0,1,1,1,1,1,1,1,0,0
Tomate cerise,1123,,Tunnel,Mild,9M,3,6,10,no,12,10,Tomato,5,5,1,20,0,0,0,0,0,1,1,1,1,1,0,0,0,0,1,1,1,1,1,1,1,1,0,0
Tomate ancienne,1122,,Tunnel,Mild,9M,6,8,10,no,12,10,Tomato,3,3,1,12,0,0,0,0,0,0,0,1,1,1,0,0,0,0,0,0,0,1,1,1,1,1,0,0
Tomate ancienne,1121,,Tunnel,Mild,9M,5,8,11,no,12,11,Tomato,4,4,1,16,0,0,0,0,0,0,0,1,1,1,1,0,0,0,0,0,1,1,1,1,1,1,1,0
Tomate ancienne,1120,,Tunnel,Mild,9M,3,7,9,no,12,9,Tomato,3,3,1,12,0,0,0,0,0,0,1,1,1,0,0,0,0,0,1,1,1,1,1,1,1,0,0,0
Tomate ancienne,1119,,Tunnel,Mild,9M,5,7,10,no,12,10,Tomato,4,4,1,16,0,0,0,0,0,0,1,1,1,1,0,0,0,0,0,0,1,1,1,1,1,1,0,0
Tomate ancienne,1118,,Tunnel,Mild,9M,4,6,10,no,12,10,Tomato,5,5,1,20,0,0,0,0,0,1,1,1,1,1,0,0,0,0,0,1,1,1,1,1,1,1,0,0
Salade,1117,,Tunnel,Mild,9M,10,12,12,no,12,12,Raw green,1,1,1,4,0,0,0,0,0,0,0,0,0,0,0,1,0,0,0,0,0,0,0,0,0,1,1,1
Salade,1116,,Tunnel,Mild,9M,9,10,11,no,12,11,Raw green,2,2,1,8,0,0,0,0,0,0,0,0,0,1,1,0,0,0,0,0,0,0,0,0,1,1,1,0
Salade,1115,,Tunnel,Mild,9M,4,6,6,no,12,6,Raw green,1,1,1,4,0,0,0,0,0,1,0,0,0,0,0,0,0,0,0,1,1,1,0,0,0,0,0,0
Salade,1114,,Tunnel,Mild,9M,3,5,5,no,12,5,Raw green,1,1,1,4,0,0,0,0,1,0,0,0,0,0,0,0,0,0,1,1,1,0,0,0,0,0,0,0
Salade,1113,,Tunnel,Mild,9M,2,5,5,no,12,5,Raw green,1,1,1,4,0,0,0,0,1,0,0,0,0,0,0,0,0,1,1,1,1,0,0,0,0,0,0,0
Salade,1112,,Tunnel,Mild,9M,12,4,4,no,12,4,Raw green,1,1,1,4,0,0,0,1,0,0,0,0,0,0,0,0,1,1,1,1,0,0,0,0,0,0,0,1
Salade,1111,,Tunnel,Mild,9M,2,4,4,no,12,4,Raw green,1,1,1,4,0,0,0,1,0,0,0,0,0,0,0,0,0,1,1,1,0,0,0,0,0,0,0,0
Salade,1110,,Tunnel,Mild,9M,12,4,4,no,12,4,Raw green,2,2,1,8,0,0,0,1,0,0,0,0,0,0,0,0,1,1,1,1,0,0,0,0,0,0,0,1
Salade,1109,,Tunnel,Mild,9M,2,4,4,no,12,4,Raw green,2,2,1,8,0,0,0,1,0,0,0,0,0,0,0,0,0,1,1,1,0,0,0,0,0,0,0,0
Salade,1105,,Field,Mild,9M,9,11,11,no,12,11,Raw green,1,1,1,4,0,0,0,0,0,0,0,0,0,0,1,0,0,0,0,0,0,0,0,0,1,1,1,0
Salade,1104,,Field,Mild,9M,8,10,10,no,12,10,Raw green,1,1,1,4,0,0,0,0,0,0,0,0,0,1,0,0,0,0,0,0,0,0,0,1,1,1,0,0
Salade,1103,,Field,Mild,9M,7,9,9,no,12,9,Raw green,1,1,1,4,0,0,0,0,0,0,0,0,1,0,0,0,0,0,0,0,0,0,1,1,1,0,0,0
Salade,1102,,Field,Mild,9M,8,9,10,no,12,10,Raw green,2,2,1,8,0,0,0,0,0,0,0,0,1,1,0,0,0,0,0,0,0,0,0,1,1,1,0,0
Salade,1101,,Field,Mild,9M,6,8,8,no,12,8,Raw green,1,1,1,4,0,0,0,0,0,0,0,1,0,0,0,0,0,0,0,0,0,1,1,1,0,0,0,0
Salade,1100,,Field,Mild,9M,6,7,7,no,12,7,Raw green,1,1,1,4,0,0,0,0,0,0,1,0,0,0,0,0,0,0,0,0,0,1,1,0,0,0,0,0
Salade,1099,,Field,Mild,9M,5,7,7,no,12,7,Raw green,1,1,1,4,0,0,0,0,0,0,1,0,0,0,0,0,0,0,0,0,1,1,1,0,0,0,0,0
Salade,1098,,Field,Mild,9M,6,7,8,no,12,8,Raw green,2,2,1,8,0,0,0,0,0,0,1,1,0,0,0,0,0,0,0,0,0,1,1,1,0,0,0,0
Salade,1097,,Field,Mild,9M,4,6,6,no,12,6,Raw green,1,1,1,4,0,0,0,0,0,1,0,0,0,0,0,0,0,0,0,1,1,1,0,0,0,0,0,0
Salade,1096,,Field,Mild,9M,5,6,7,no,12,7,Raw green,2,2,1,8,0,0,0,0,0,1,1,0,0,0,0,0,0,0,0,0,1,1,1,0,0,0,0,0
Salade,1095,,Field,Mild,9M,3,5,5,no,12,5,Raw green,1,1,1,4,0,0,0,0,1,0,0,0,0,0,0,0,0,0,1,1,1,0,0,0,0,0,0,0
Radis conservation,1094,,Field,Mild,9M,7,10,12,yes,12,12,Root crop,3,3,1,12,0,0,0,0,0,0,0,0,0,1,1,1,0,0,0,0,0,0,1,1,1,1,1,1
Radis conservation,1093,,Field,Mild,9M,7,10,10,yes,12,12,Root crop,1,3,1,12,0,0,0,0,0,0,0,0,0,1,1,1,0,0,0,0,0,0,1,1,1,1,0,0
Radis conservation,1092,,Field,Mild,9M,6,9,11,yes,12,12,Root crop,3,4,1,16,0,0,0,0,0,0,0,0,1,1,1,1,0,0,0,0,0,1,1,1,1,1,1,0
Radis botte,1091,,Tunnel,Mild,9M,9,11,11,no,12,11,Root crop,1,1,1,4,0,0,0,0,0,0,0,0,0,0,1,0,0,0,0,0,0,0,0,0,1,1,1,0
Radis botte,1090,,Tunnel,Mild,9M,3,4,4,no,12,4,Root crop,1,1,1,4,0,0,0,1,0,0,0,0,0,0,0,0,0,0,1,1,0,0,0,0,0,0,0,0
Radis botte,1089,,Tunnel,Mild,9M,2,4,4,no,12,4,Root crop,1,1,1,4,0,0,0,1,0,0,0,0,0,0,0,0,0,1,1,1,0,0,0,0,0,0,0,0
Radis botte,1088,,Tunnel,Mild,9M,12,4,4,no,12,4,Root crop,1,1,1,4,0,0,0,1,0,0,0,0,0,0,0,0,1,1,1,1,0,0,0,0,0,0,0,1
Radis botte,1087,,Tunnel,Mild,9M,2,4,4,no,12,4,Root crop,2,2,1,8,0,0,0,1,0,0,0,0,0,0,0,0,0,1,1,1,0,0,0,0,0,0,0,0
Radis botte,1085,,Field,Mild,9M,9,10,11,no,12,11,Root crop,2,2,1,8,0,0,0,0,0,0,0,0,0,1,1,0,0,0,0,0,0,0,0,0,1,1,1,0
Radis botte,1084,,Field,Mild,9M,8,9,9,no,12,9,Root crop,1,1,1,4,0,0,0,0,0,0,0,0,1,0,0,0,0,0,0,0,0,0,0,1,1,0,0,0
Radis botte,1083,,Field,Mild,9M,6,7,7,no,12,7,Root crop,1,1,1,4,0,0,0,0,0,0,1,0,0,0,0,0,0,0,0,0,0,1,1,0,0,0,0,0
Radis botte,1082,,Field,Mild,9M,5,6,6,no,12,6,Root crop,1,1,1,4,0,0,0,0,0,1,0,0,0,0,0,0,0,0,0,0,1,1,0,0,0,0,0,0
Radis botte,1081,,Field,Mild,9M,4,5,5,no,12,5,Root crop,1,1,1,4,0,0,0,0,1,0,0,0,0,0,0,0,0,0,0,1,1,0,0,0,0,0,0,0
Radis botte,1080,,Field,Mild,9M,4,5,6,no,12,6,Root crop,2,2,1,8,0,0,0,0,1,1,0,0,0,0,0,0,0,0,0,1,1,1,0,0,0,0,0,0
Radis botte,1079,,Field,Mild,9M,3,4,4,no,12,4,Root crop,1,1,1,4,0,0,0,1,0,0,0,0,0,0,0,0,0,0,1,1,0,0,0,0,0,0,0,0
Pomme de terre primeur,1078,,Tunnel,Mild,9M,2,6,6,no,12,6,Potato,1,1,1,4,0,0,0,0,0,1,0,0,0,0,0,0,0,1,1,1,1,1,0,0,0,0,0,0
Pomme de terre primeur,1077,,Tunnel,Mild,9M,2,5,6,no,12,6,Potato,2,2,1,8,0,0,0,0,1,1,0,0,0,0,0,0,0,1,1,1,1,1,0,0,0,0,0,0
Pomme de terre primeur,1076,,Tunnel,Mild,9M,12,4,4,no,12,4,Potato,1,1,1,4,0,0,0,1,0,0,0,0,0,0,0,0,1,1,1,1,0,0,0,0,0,0,0,1
Pomme de terre primeur,1075,,Field,Mild,9M,3,6,8,no,12,8,Potato,3,3,1,12,0,0,0,0,0,1,1,1,0,0,0,0,0,0,1,1,1,1,1,1,0,0,0,0
Poivron,1070,,Tunnel,Mild,9M,5,9,11,no,12,11,Fruit crop,3,3,2,12,0,0,0,0,0,0,0,0,1,1,1,0,0,0,0,0,1,1,1,1,1,1,1,0
Poivron,1069,,Tunnel,Mild,9M,5,7,10,no,12,10,Fruit crop,4,4,2,16,0,0,0,0,0,0,1,1,1,1,0,0,0,0,0,0,1,1,1,1,1,1,0,0
Poivron,1068,,Tunnel,Mild,9M,4,7,10,no,12,10,Fruit crop,4,4,2,16,0,0,0,0,0,0,1,1,1,1,0,0,0,0,0,1,1,1,1,1,1,1,0,0
Poivron,1067,,Tunnel,Mild,9M,4,6,8,no,12,8,Fruit crop,3,3,2,12,0,0,0,0,0,1,1,1,0,0,0,0,0,0,0,1,1,1,1,1,0,0,0,0
Pois,1066,,Tunnel,Mild,9M,2,5,5,no,12,5,Fruit crop,1,1,1,4,0,0,0,0,1,0,0,0,0,0,0,0,0,1,1,1,1,0,0,0,0,0,0,0
Pois,1065,,Tunnel,Mild,9M,11,4,5,no,12,5,Fruit crop,2,2,1,8,0,0,0,1,1,0,0,0,0,0,0,0,1,1,1,1,1,0,0,0,0,0,1,1
Pois,1064,,Field,Mild,9M,4,6,7,no,12,7,Fruit crop,2,2,1,8,0,0,0,0,0,1,1,0,0,0,0,0,0,0,0,1,1,1,1,0,0,0,0,0
Pois,1063,,Field,Mild,9M,5,5,6,no,12,6,Fruit crop,2,2,1,8,0,0,0,0,1,1,0,0,0,0,0,0,0,0,0,0,1,1,0,0,0,0,0,0
Pois,1062,,Field,Mild,9M,3,5,6,no,12,6,Fruit crop,2,2,1,8,0,0,0,0,1,1,0,0,0,0,0,0,0,0,1,1,1,1,0,0,0,0,0,0
Pois,1061,,Field,Mild,9M,2,5,6,no,12,6,Fruit crop,2,2,1,8,0,0,0,0,1,1,0,0,0,0,0,0,0,1,1,1,1,1,0,0,0,0,0,0
Poireau,1058,,Field,Mild,9M,5,10,11,no,12,11,Cooked green,2,2,1,8,0,0,0,0,0,0,0,0,0,1,1,0,0,0,0,0,1,1,1,1,1,1,1,0
Poireau,1057,,Field,Mild,9M,6,10,12,no,12,12,Cooked green,3,3,1,12,0,0,0,0,0,0,0,0,0,1,1,1,0,0,0,0,0,1,1,1,1,1,1,1
Poireau,1056,,Field,Mild,9M,4,8,10,no,12,10,Cooked green,3,3,1,12,0,0,0,0,0,0,0,1,1,1,0,0,0,0,0,1,1,1,1,1,1,1,0,0
Poireau,1055,,Field,Mild,9M,3,7,10,no,12,10,Cooked green,4,4,1,16,0,0,0,0,0,0,1,1,1,1,0,0,0,0,1,1,1,1,1,1,1,1,0,0
Piment,1053,,Tunnel,Mild,9M,5,7,10,yes,12,12,Condiment crop,4,6,1,24,0,0,0,0,0,0,1,1,1,1,1,1,0,0,0,0,1,1,1,1,1,1,0,0
Panais,1052,,Field,Mild,9M,4,11,12,yes,12,12,Root crop,2,2,1,8,0,0,0,0,0,0,0,0,0,0,1,1,0,0,0,1,1,1,1,1,1,1,1,1
Oignon conservation,1051,,Field,Mild,9M,3,9,9,yes,12,12,Condiment crop,1,4,1,16,0,0,0,0,0,0,0,0,1,1,1,1,0,0,1,1,1,1,1,1,1,0,0,0
Oignon conservation,1050,,Field,Mild,9M,3,7,12,yes,12,12,Condiment crop,6,6,1,24,0,0,0,0,0,0,1,1,1,1,1,1,0,0,1,1,1,1,1,1,1,1,1,1
Oignon botte,1049,,Tunnel,Mild,9M,3,5,6,no,12,6,Condiment crop,2,2,1,8,0,0,0,0,1,1,0,0,0,0,0,0,0,0,1,1,1,1,0,0,0,0,0,0
Oignon botte,1048,,Tunnel,Mild,9M,10,4,4,no,12,4,Condiment crop,1,1,1,4,0,0,0,1,0,0,0,0,0,0,0,0,1,1,1,1,0,0,0,0,0,1,1,1
Oignon botte,1047,,Tunnel,Mild,9M,10,4,5,no,12,5,Condiment crop,2,2,1,8,0,0,0,1,1,0,0,0,0,0,0,0,1,1,1,1,1,0,0,0,0,1,1,1
Oignon botte,1046,,Field,Mild,9M,3,6,7,no,12,7,Condiment crop,2,2,1,8,0,0,0,0,0,1,1,0,0,0,0,0,0,0,1,1,1,1,1,0,0,0,0,0
Navet botte,1041,,Tunnel,Mild,9M,3,5,5,no,12,5,Root crop,1,1,1,4,0,0,0,0,1,0,0,0,0,0,0,0,0,0,1,1,1,0,0,0,0,0,0,0
Navet botte,1040,,Tunnel,Mild,9M,3,5,6,no,12,6,Root crop,2,2,1,8,0,0,0,0,1,1,0,0,0,0,0,0,0,0,1,1,1,1,0,0,0,0,0,0
Navet botte,1039,,Tunnel,Mild,9M,2,4,5,no,12,5,Root crop,2,2,1,8,0,0,0,1,1,0,0,0,0,0,0,0,0,1,1,1,1,0,0,0,0,0,0,0
Navet botte,1037,,Field,Mild,9M,4,7,8,no,12,8,Root crop,2,2,1,8,0,0,0,0,0,0,1,1,0,0,0,0,0,0,0,1,1,1,1,1,0,0,0,0
Navet botte,1036,,Field,Mild,9M,3,5,6,no,12,6,Root crop,2,2,1,8,0,0,0,0,1,1,0,0,0,0,0,0,0,0,1,1,1,1,0,0,0,0,0,0
Navet botte,1035,,Field,Mild,9M,2,4,5,no,12,5,Root crop,2,2,1,8,0,0,0,1,1,0,0,0,0,0,0,0,0,1,1,1,1,0,0,0,0,0,0,0
Mesclun,1031,,Tunnel,Mild,9M,3,4,6,no,12,6,Raw green,3,3,1,12,0,0,0,1,1,1,0,0,0,0,0,0,0,0,1,1,1,1,0,0,0,0,0,0
Mesclun,1028,,Field,Mild,9M,9,10,12,no,12,12,Raw green,3,3,1,12,0,0,0,0,0,0,0,0,0,1,1,1,0,0,0,0,0,0,0,0,1,1,1,1
Mesclun,1027,,Field,Mild,9M,8,9,11,no,12,11,Raw green,3,3,1,12,0,0,0,0,0,0,0,0,1,1,1,0,0,0,0,0,0,0,0,1,1,1,1,0
Mesclun,1026,,Field,Mild,9M,6,6,8,no,12,8,Raw green,3,3,1,12,0,0,0,0,0,1,1,1,0,0,0,0,0,0,0,0,0,1,1,1,0,0,0,0
Mesclun,1025,,Field,Mild,9M,5,5,7,no,12,7,Raw green,3,3,1,12,0,0,0,0,1,1,1,0,0,0,0,0,0,0,0,0,1,1,1,0,0,0,0,0
Mesclun,1024,,Field,Mild,9M,3,5,8,no,12,8,Raw green,4,4,1,16,0,0,0,0,1,1,1,1,0,0,0,0,0,0,1,1,1,1,1,1,0,0,0,0
Mesclun,1023,,Field,Mild,9M,4,5,9,no,12,9,Raw green,5,5,1,20,0,0,0,0,1,1,1,1,1,0,0,0,0,0,0,1,1,1,1,1,1,0,0,0
Mesclun,1022,,Field,Mild,9M,3,4,6,no,12,6,Raw green,3,3,1,12,0,0,0,1,1,1,0,0,0,0,0,0,0,0,1,1,1,1,0,0,0,0,0,0
Mesclun,1021,,Field,Mild,9M,12,4,5,no,12,5,Raw green,3,3,1,12,0,0,0,1,1,0,0,0,0,0,0,0,1,1,1,1,1,0,0,0,0,0,0,1
Mesclun,1020,,Field,Mild,9M,11,4,5,no,12,5,Raw green,4,4,1,16,0,0,0,1,1,0,0,0,0,0,0,0,1,1,1,1,1,0,0,0,0,0,1,1
Melon,1018,,Tunnel,Mild,9M,5,8,9,no,12,9,Fruit crop,2,2,1,8,0,0,0,0,0,0,0,1,1,0,0,0,0,0,0,0,1,1,1,1,1,0,0,0
Melon,1017,,Tunnel,Mild,9M,3,7,8,no,12,8,Fruit crop,2,2,1,8,0,0,0,0,0,0,1,1,0,0,0,0,0,0,1,1,1,1,1,1,0,0,0,0
Melon,1016,,Tunnel,Mild,9M,5,7,9,no,12,9,Fruit crop,3,3,1,12,0,0,0,0,0,0,1,1,1,0,0,0,0,0,0,0,1,1,1,1,1,0,0,0
Melon,1015,,Tunnel,Mild,9M,4,6,7,no,12,7,Fruit crop,2,2,1,8,0,0,0,0,0,1,1,0,0,0,0,0,0,0,0,1,1,1,1,0,0,0,0,0
Melon,1014,,Tunnel,Mild,9M,3,6,7,no,12,7,Fruit crop,2,2,1,8,0,0,0,0,0,1,1,0,0,0,0,0,0,0,1,1,1,1,1,0,0,0,0,0
Mache-pourp,1011,,Tunnel,Mild,9M,10,11,12,no,12,12,Raw green,2,2,1,8,0,0,0,0,0,0,0,0,0,0,1,1,0,0,0,0,0,0,0,0,0,1,1,1
Mache-pourp,1010,,Tunnel,Mild,9M,9,10,11,no,12,11,Raw green,2,2,1,8,0,0,0,0,0,0,0,0,0,1,1,0,0,0,0,0,0,0,0,0,1,1,1,0
Mache-pourp,1009,,Tunnel,Mild,9M,8,9,10,no,12,10,Raw green,2,2,1,8,0,0,0,0,0,0,0,0,1,1,0,0,0,0,0,0,0,0,0,1,1,1,0,0
Mache-pourp,1008,,Tunnel,Mild,9M,4,5,5,no,12,5,Raw green,1,1,1,4,0,0,0,0,1,0,0,0,0,0,0,0,0,0,0,1,1,0,0,0,0,0,0,0
Mache-pourp,1007,,Tunnel,Mild,9M,3,4,4,no,12,4,Raw green,1,1,1,4,0,0,0,1,0,0,0,0,0,0,0,0,0,0,1,1,0,0,0,0,0,0,0,0
Mache-pourp,1006,,Tunnel,Mild,9M,2,4,4,no,12,4,Raw green,2,2,1,8,0,0,0,1,0,0,0,0,0,0,0,0,0,1,1,1,0,0,0,0,0,0,0,0
Mache-pourp,1002,,Field,Mild,9M,8,11,12,no,12,12,Raw green,2,2,1,8,0,0,0,0,0,0,0,0,0,0,1,1,0,0,0,0,0,0,0,1,1,1,1,1
Mache-pourp,1001,,Field,Mild,9M,9,10,11,no,12,11,Raw green,2,2,1,8,0,0,0,0,0,0,0,0,0,1,1,0,0,0,0,0,0,0,0,0,1,1,1,0
Mache-pourp,1000,,Field,Mild,9M,2,4,4,no,12,4,Raw green,1,1,1,4,0,0,0,1,0,0,0,0,0,0,0,0,0,1,1,1,0,0,0,0,0,0,0,0
Haricot,998,,Tunnel,Mild,9M,7,9,10,no,12,10,Fruit crop,2,2,2,8,0,0,0,0,0,0,0,0,1,1,0,0,0,0,0,0,0,0,1,1,1,1,0,0
Haricot,997,,Tunnel,Mild,9M,7,8,10,no,12,10,Fruit crop,3,3,2,12,0,0,0,0,0,0,0,1,1,1,0,0,0,0,0,0,0,0,1,1,1,1,0,0
Haricot,996,,Tunnel,Mild,9M,4,7,9,no,12,9,Fruit crop,3,3,2,12,0,0,0,0,0,0,1,1,1,0,0,0,0,0,0,1,1,1,1,1,1,0,0,0
Haricot,995,,Tunnel,Mild,9M,3,6,7,no,12,7,Fruit crop,2,2,2,8,0,0,0,0,0,1,1,0,0,0,0,0,0,0,1,1,1,1,1,0,0,0,0,0
Haricot,994,,Field,Mild,9M,7,9,9,no,12,9,Fruit crop,1,1,2,4,0,0,0,0,0,0,0,0,1,0,0,0,0,0,0,0,0,0,1,1,1,0,0,0
Haricot,993,,Field,Mild,9M,5,8,9,no,12,9,Fruit crop,2,2,2,8,0,0,0,0,0,0,0,1,1,0,0,0,0,0,0,0,1,1,1,1,1,0,0,0
Haricot,992,,Field,Mild,9M,5,8,10,no,12,10,Fruit crop,3,3,2,12,0,0,0,0,0,0,0,1,1,1,0,0,0,0,0,0,1,1,1,1,1,1,0,0
Haricot,991,,Field,Mild,9M,4,7,9,no,12,9,Fruit crop,3,3,2,12,0,0,0,0,0,0,1,1,1,0,0,0,0,0,0,1,1,1,1,1,1,0,0,0
Haricot,990,,Field,Mild,9M,4,6,6,no,12,6,Fruit crop,1,1,2,4,0,0,0,0,0,1,0,0,0,0,0,0,0,0,0,1,1,1,0,0,0,0,0,0
Haricot,989,,Field,Mild,9M,3,6,8,no,12,8,Fruit crop,3,3,2,12,0,0,0,0,0,1,1,1,0,0,0,0,0,0,1,1,1,1,1,1,0,0,0,0
Fraise,988,,Field,Mild,9M,9,5,10,no,12,10,Fruit crop,5,5,1,20,0,0,0,0,1,1,1,1,1,1,0,0,0,0,0,0,0,0,0,0,1,1,0,0
Feve,987,,Tunnel,Mild,9M,10,4,5,no,12,5,Fruit crop,4,4,1,16,0,0,0,1,1,0,0,0,0,0,0,0,1,1,1,1,1,0,0,0,0,1,1,1
Feve,986,,Field,Mild,9M,2,7,7,no,12,7,Fruit crop,1,1,1,4,0,0,0,0,0,0,1,0,0,0,0,0,0,1,1,1,1,1,1,0,0,0,0,0
Feve,985,,Field,Mild,9M,2,6,7,no,12,7,Fruit crop,2,2,1,8,0,0,0,0,0,1,1,0,0,0,0,0,0,1,1,1,1,1,1,0,0,0,0,0
Fenouil,984,,Tunnel,Mild,9M,9,11,12,no,12,12,Cooked green,3,3,1,12,0,0,0,0,0,0,0,0,0,0,1,1,0,0,0,0,0,0,0,0,1,1,1,1
Fenouil,983,,Tunnel,Mild,9M,4,6,6,no,12,6,Cooked green,1,1,1,4,0,0,0,0,0,1,0,0,0,0,0,0,0,0,0,1,1,1,0,0,0,0,0,0
Fenouil,982,,Tunnel,Mild,9M,3,5,5,no,12,5,Cooked green,1,1,1,4,0,0,0,0,1,0,0,0,0,0,0,0,0,0,1,1,1,0,0,0,0,0,0,0
Fenouil,981,,Field,Mild,9M,6,9,9,no,12,9,Cooked green,1,1,1,4,0,0,0,0,0,0,0,0,1,0,0,0,0,0,0,0,0,1,1,1,1,0,0,0
Fenouil,980,,Field,Mild,9M,7,9,10,no,12,10,Cooked green,2,2,1,8,0,0,0,0,0,0,0,0,1,1,0,0,0,0,0,0,0,0,1,1,1,1,0,0
Fenouil,979,,Field,Mild,9M,4,7,8,no,12,8,Cooked green,2,2,1,8,0,0,0,0,0,0,1,1,0,0,0,0,0,0,0,1,1,1,1,1,0,0,0,0
Epinard,978,,Tunnel,Mild,9M,10,12,12,no,12,12,Cooked green,2,2,1,8,0,0,0,0,0,0,0,0,0,0,0,1,0,0,0,0,0,0,0,0,0,1,1,1
Epinard,977,,Tunnel,Mild,9M,10,11,12,no,12,12,Cooked green,4,4,1,16,0,0,0,0,0,0,0,0,0,0,1,1,0,0,0,0,0,0,0,0,0,1,1,1
Epinard,976,,Tunnel,Mild,9M,9,10,12,no,12,12,Cooked green,3,3,1,12,0,0,0,0,0,0,0,0,0,1,1,1,0,0,0,0,0,0,0,0,1,1,1,1
Epinard,975,,Tunnel,Mild,9M,10,4,4,no,12,4,Cooked green,1,1,1,4,0,0,0,1,0,0,0,0,0,0,0,0,1,1,1,1,0,0,0,0,0,1,1,1
Epinard,972,,Field,Mild,9M,9,10,11,no,12,11,Cooked green,2,2,1,8,0,0,0,0,0,0,0,0,0,1,1,0,0,0,0,0,0,0,0,0,1,1,1,0
Epinard,971,,Field,Mild,9M,7,9,9,no,12,9,Cooked green,1,1,1,4,0,0,0,0,0,0,0,0,1,0,0,0,0,0,0,0,0,0,1,1,1,0,0,0
Epinard,970,,Field,Mild,9M,4,5,6,no,12,6,Cooked green,2,2,1,8,0,0,0,0,1,1,0,0,0,0,0,0,0,0,0,1,1,1,0,0,0,0,0,0
Epinard,969,,Field,Mild,9M,10,4,4,no,12,4,Cooked green,1,1,1,4,0,0,0,1,0,0,0,0,0,0,0,0,1,1,1,1,0,0,0,0,0,1,1,1
Endive,967,,Field,Mild,9M,5,11,11,no,12,11,Raw green,1,3,1,12,0,0,0,0,0,0,0,0,0,0,1,0,0,0,0,0,1,1,1,1,1,1,1,0
Endive,966,,Field,Mild,9M,4,10,10,no,12,10,Raw green,1,3,1,12,0,0,0,0,0,0,0,0,0,1,0,0,0,0,0,1,1,1,1,1,1,1,0,0
Echalote,965,,Tunnel,Mild,9M,2,5,6,yes,12,12,Condiment crop,2,8,1,32,0,0,0,0,1,1,1,1,1,1,1,1,0,1,1,1,1,1,0,0,0,0,0,0
Echalote,964,,Field,Mild,9M,3,10,10,yes,12,12,Condiment crop,1,3,1,12,0,0,0,0,0,0,0,0,0,1,1,1,0,0,1,1,1,1,1,1,1,1,0,0
Echalote,963,,Field,Mild,9M,4,7,9,yes,12,12,Condiment crop,3,6,1,24,0,0,0,0,0,0,1,1,1,1,1,1,0,0,0,1,1,1,1,1,1,0,0,0
Echalote,962,,Field,Mild,9M,3,6,8,yes,12,12,Condiment crop,3,7,1,28,0,0,0,0,0,1,1,1,1,1,1,1,0,0,1,1,1,1,1,1,0,0,0,0
Courgette,961,,Tunnel,Mild,9M,8,9,11,no,12,11,Fruit crop,3,3,4,12,0,0,0,0,0,0,0,0,1,1,1,0,0,0,0,0,0,0,0,1,1,1,1,0
Courgette,960,,Tunnel,Mild,9M,4,6,10,no,12,10,Fruit crop,5,5,4,20,0,0,0,0,0,1,1,1,1,1,0,0,0,0,0,1,1,1,1,1,1,1,0,0
Courgette,959,,Tunnel,Mild,9M,3,5,7,no,12,7,Fruit crop,3,3,4,12,0,0,0,0,1,1,1,0,0,0,0,0,0,0,1,1,1,1,1,0,0,0,0,0
Courgette,958,,Tunnel,Mild,9M,3,5,8,no,12,8,Fruit crop,4,4,4,16,0,0,0,0,1,1,1,1,0,0,0,0,0,0,1,1,1,1,1,1,0,0,0,0
Courgette,957,,Field,Mild,9M,6,9,10,no,12,10,Fruit crop,2,2,4,8,0,0,0,0,0,0,0,0,1,1,0,0,0,0,0,0,0,1,1,1,1,1,0,0
Courgette,956,,Field,Mild,9M,5,7,10,no,12,10,Fruit crop,4,4,4,16,0,0,0,0,0,0,1,1,1,1,0,0,0,0,0,0,1,1,1,1,1,1,0,0
Courgette,955,,Field,Mild,9M,4,6,9,no,12,9,Fruit crop,4,4,4,16,0,0,0,0,0,1,1,1,1,0,0,0,0,0,0,1,1,1,1,1,1,0,0,0
Courgette,954,,Field,Mild,9M,4,5,6,no,12,6,Fruit crop,2,2,4,8,0,0,0,0,1,1,0,0,0,0,0,0,0,0,0,1,1,1,0,0,0,0,0,0
Courge,953,,Field,Mild,9M,5,9,10,yes,12,12,Fruit crop,2,4,1,16,0,0,0,0,0,0,0,0,1,1,1,1,0,0,0,0,1,1,1,1,1,1,0,0
Courge,952,,Field,Mild,9M,4,9,10,yes,12,12,Fruit crop,2,4,1,16,0,0,0,0,0,0,0,0,1,1,1,1,0,0,0,1,1,1,1,1,1,1,0,0
Courge,951,,Field,Mild,9M,5,8,11,yes,12,12,Fruit crop,4,5,1,20,0,0,0,0,0,0,0,1,1,1,1,1,0,0,0,0,1,1,1,1,1,1,1,0
Courge,950,,Field,Mild,9M,5,8,10,yes,12,12,Fruit crop,3,5,1,20,0,0,0,0,0,0,0,1,1,1,1,1,0,0,0,0,1,1,1,1,1,1,0,0
Concombre,949,,Tunnel,Mild,9M,6,8,10,no,12,10,Fruit crop,3,3,4,12,0,0,0,0,0,0,0,1,1,1,0,0,0,0,0,0,0,1,1,1,1,1,0,0
Concombre,948,,Tunnel,Mild,9M,5,7,9,no,12,9,Fruit crop,3,3,4,12,0,0,0,0,0,0,1,1,1,0,0,0,0,0,0,0,1,1,1,1,1,0,0,0
Concombre,947,,Tunnel,Mild,9M,4,7,9,no,12,9,Fruit crop,3,3,4,12,0,0,0,0,0,0,1,1,1,0,0,0,0,0,0,1,1,1,1,1,1,0,0,0
Concombre,946,,Tunnel,Mild,9M,5,7,10,no,12,10,Fruit crop,4,4,4,16,0,0,0,0,0,0,1,1,1,1,0,0,0,0,0,0,1,1,1,1,1,1,0,0
Concombre,945,,Tunnel,Mild,9M,4,7,10,no,12,10,Fruit crop,4,4,4,16,0,0,0,0,0,0,1,1,1,1,0,0,0,0,0,1,1,1,1,1,1,1,0,0
Concombre,944,,Tunnel,Mild,9M,4,6,8,no,12,8,Fruit crop,3,3,4,12,0,0,0,0,0,1,1,1,0,0,0,0,0,0,0,1,1,1,1,1,0,0,0,0
Concombre,943,,Field,Mild,9M,5,8,9,no,12,9,Fruit crop,2,2,4,8,0,0,0,0,0,0,0,1,1,0,0,0,0,0,0,0,1,1,1,1,1,0,0,0
Concombre,942,,Field,Mild,9M,6,7,9,no,12,9,Fruit crop,3,3,4,12,0,0,0,0,0,0,1,1,1,0,0,0,0,0,0,0,0,1,1,1,1,0,0,0
Chou rave,941,,Tunnel,Mild,9M,12,4,5,no,12,5,Cooked green,2,2,1,8,0,0,0,1,1,0,0,0,0,0,0,0,1,1,1,1,1,0,0,0,0,0,0,1
Chou rave,940,,Tunnel,Mild,9M,2,4,5,no,12,5,Cooked green,2,2,1,8,0,0,0,1,1,0,0,0,0,0,0,0,0,1,1,1,1,0,0,0,0,0,0,0
Chou rave,939,,Field,Mild,9M,4,7,7,no,12,7,Cooked green,1,1,1,4,0,0,0,0,0,0,1,0,0,0,0,0,0,0,0,1,1,1,1,0,0,0,0,0
Chou rave,938,,Field,Mild,9M,3,7,8,no,12,8,Cooked green,2,2,1,8,0,0,0,0,0,0,1,1,0,0,0,0,0,0,1,1,1,1,1,1,0,0,0,0
Chou rave,937,,Field,Mild,9M,3,5,7,no,12,7,Cooked green,3,3,1,12,0,0,0,0,1,1,1,0,0,0,0,0,0,0,1,1,1,1,1,0,0,0,0,0
Chou kale,936,,Field,Mild,9M,7,11,12,no,12,12,Cooked green,4,4,1,16,0,0,0,0,0,0,0,0,0,0,1,1,0,0,0,0,0,0,1,1,1,1,1,1
Chou fleur,935,,Tunnel,Mild,9M,3,6,6,no,12,6,Cooked green,1,1,1,4,0,0,0,0,0,1,0,0,0,0,0,0,0,0,1,1,1,1,0,0,0,0,0,0
Chou fleur,934,,Field,Mild,9M,8,11,11,no,12,11,Cooked green,1,1,1,4,0,0,0,0,0,0,0,0,0,0,1,0,0,0,0,0,0,0,0,1,1,1,1,0
Chou fleur,933,,Field,Mild,9M,6,11,12,no,12,12,Cooked green,2,2,1,8,0,0,0,0,0,0,0,0,0,0,1,1,0,0,0,0,0,1,1,1,1,1,1,1
Chou fleur,932,,Field,Mild,9M,7,10,10,no,12,10,Cooked green,1,1,1,4,0,0,0,0,0,0,0,0,0,1,0,0,0,0,0,0,0,0,1,1,1,1,0,0
Chou fleur,931,,Field,Mild,9M,6,10,12,no,12,12,Cooked green,4,4,1,16,0,0,0,0,0,0,0,0,0,1,1,1,0,0,0,0,0,1,1,1,1,1,1,1
Chou fleur,930,,Field,Mild,9M,6,9,9,no,12,9,Cooked green,1,1,1,4,0,0,0,0,0,0,0,0,1,0,0,0,0,0,0,0,0,1,1,1,1,0,0,0
Chou fleur,929,,Field,Mild,9M,3,7,9,no,12,9,Cooked green,3,3,1,12,0,0,0,0,0,0,1,1,1,0,0,0,0,0,1,1,1,1,1,1,1,0,0,0
Chou fleur,928,,Field,Mild,9M,8,4,4,no,12,4,Cooked green,2,2,1,8,0,0,0,1,0,0,0,0,0,0,0,0,1,1,1,1,0,0,0,1,1,1,1,1
Chou de Bruxelles,927,,Field,Mild,9M,4,11,11,no,12,11,Cooked green,1,1,1,4,0,0,0,0,0,0,0,0,0,0,1,0,0,0,0,1,1,1,1,1,1,1,1,0
Chou chinois,926,,Tunnel,Mild,9M,3,4,5,no,12,5,Cooked green,2,2,1,8,0,0,0,1,1,0,0,0,0,0,0,0,0,0,1,1,1,0,0,0,0,0,0,0
Chou chinois,925,,Tunnel,Mild,9M,2,4,4,no,12,4,Cooked green,2,2,1,8,0,0,0,1,0,0,0,0,0,0,0,0,0,1,1,1,0,0,0,0,0,0,0,0
Chou chinois,924,,Field,Mild,9M,8,10,10,no,12,10,Cooked green,1,1,1,4,0,0,0,0,0,0,0,0,0,1,0,0,0,0,0,0,0,0,0,1,1,1,0,0
Chou chinois,923,,Field,Mild,9M,5,6,7,no,12,7,Cooked green,2,2,1,8,0,0,0,0,0,1,1,0,0,0,0,0,0,0,0,0,1,1,1,0,0,0,0,0
Chou,922,,Tunnel,Mild,9M,2,5,6,no,12,6,Cooked green,2,2,1,8,0,0,0,0,1,1,0,0,0,0,0,0,0,1,1,1,1,1,0,0,0,0,0,0
Chou,921,,Tunnel,Mild,9M,12,4,5,no,12,5,Cooked green,2,2,1,8,0,0,0,1,1,0,0,0,0,0,0,0,1,1,1,1,1,0,0,0,0,0,0,1
Chou,918,,Field,Mild,9M,7,11,12,no,12,12,Cooked green,2,2,1,8,0,0,0,0,0,0,0,0,0,0,1,1,0,0,0,0,0,0,1,1,1,1,1,1
Chou,917,,Field,Mild,9M,5,9,9,no,12,9,Cooked green,1,1,1,4,0,0,0,0,0,0,0,0,1,0,0,0,0,0,0,0,1,1,1,1,1,0,0,0
Chou,916,,Field,Mild,9M,4,9,9,no,12,9,Cooked green,1,1,1,4,0,0,0,0,0,0,0,0,1,0,0,0,0,0,0,1,1,1,1,1,1,0,0,0
Chou,915,,Field,Mild,9M,5,9,10,no,12,10,Cooked green,2,2,1,8,0,0,0,0,0,0,0,0,1,1,0,0,0,0,0,0,1,1,1,1,1,1,0,0
Chou,914,,Field,Mild,9M,5,9,11,no,12,11,Cooked green,3,3,1,12,0,0,0,0,0,0,0,0,1,1,1,0,0,0,0,0,1,1,1,1,1,1,1,0
Chicoree,913,,Field,Mild,9M,9,10,11,no,12,11,Raw green,2,2,1,8,0,0,0,0,0,0,0,0,0,1,1,0,0,0,0,0,0,0,0,0,1,1,1,0
Chicoree,912,,Field,Mild,9M,8,10,11,no,12,11,Raw green,2,2,1,8,0,0,0,0,0,0,0,0,0,1,1,0,0,0,0,0,0,0,0,1,1,1,1,0
Chicoree,911,,Field,Mild,9M,8,9,10,no,12,10,Raw green,2,2,1,8,0,0,0,0,0,0,0,0,1,1,0,0,0,0,0,0,0,0,0,1,1,1,0,0
Chicoree,910,,Field,Mild,9M,5,7,9,no,12,9,Raw green,3,3,1,12,0,0,0,0,0,0,1,1,1,0,0,0,0,0,0,0,1,1,1,1,1,0,0,0
Celeri branche,905,,Field,Mild,9M,7,12,12,no,12,12,Cooked green,1,1,1,4,0,0,0,0,0,0,0,0,0,0,0,1,0,0,0,0,0,0,1,1,1,1,1,1
Celeri branche,904,,Field,Mild,9M,4,7,7,no,12,7,Cooked green,1,1,1,4,0,0,0,0,0,0,1,0,0,0,0,0,0,0,0,1,1,1,1,0,0,0,0,0
Carotte botte,899,,Field,Mild,9M,5,10,10,no,12,10,Carrot,1,1,1,4,0,0,0,0,0,0,0,0,0,1,0,0,0,0,0,0,1,1,1,1,1,1,0,0
Carotte botte,898,,Field,Mild,9M,4,9,9,no,12,9,Carrot,1,1,1,4,0,0,0,0,0,0,0,0,1,0,0,0,0,0,0,1,1,1,1,1,1,0,0,0
Carotte botte,897,,Field,Mild,9M,4,7,10,no,12,10,Carrot,4,4,1,16,0,0,0,0,0,0,1,1,1,1,0,0,0,0,0,1,1,1,1,1,1,1,0,0
Carotte botte,896,,Tunnel,Mild,9M,11,5,5,no,12,5,Carrot,1,1,1,4,0,0,0,0,1,0,0,0,0,0,0,0,1,1,1,1,1,0,0,0,0,0,1,1
Carotte botte,895,,Tunnel,Mild,9M,2,5,6,no,12,6,Carrot,2,2,1,8,0,0,0,0,1,1,0,0,0,0,0,0,0,1,1,1,1,1,0,0,0,0,0,0
Carotte botte,894,,Tunnel,Mild,9M,10,4,4,no,12,4,Carrot,1,1,1,4,0,0,0,1,0,0,0,0,0,0,0,0,1,1,1,1,0,0,0,0,0,1,1,1
Carotte botte,893,,Field,Mild,9M,3,6,7,no,12,7,Carrot,2,2,1,8,0,0,0,0,0,1,1,0,0,0,0,0,0,0,1,1,1,1,1,0,0,0,0,0
Brocoli,892,,Tunnel,Mild,9M,2,5,6,no,12,6,Cooked green,2,2,1,8,0,0,0,0,1,1,0,0,0,0,0,0,0,1,1,1,1,1,0,0,0,0,0,0
Brocoli,890,,Field,Mild,9M,8,11,11,no,12,11,Cooked green,1,1,1,4,0,0,0,0,0,0,0,0,0,0,1,0,0,0,0,0,0,0,0,1,1,1,1,0
Brocoli,889,,Field,Mild,9M,7,10,11,no,12,11,Cooked green,2,2,1,8,0,0,0,0,0,0,0,0,0,1,1,0,0,0,0,0,0,0,1,1,1,1,1,0
Brocoli,888,,Field,Mild,9M,6,9,12,no,12,12,Cooked green,4,4,1,16,0,0,0,0,0,0,0,0,1,1,1,1,0,0,0,0,0,1,1,1,1,1,1,1
Brocoli,887,,Field,Mild,9M,5,8,9,no,12,9,Cooked green,2,2,1,8,0,0,0,0,0,0,0,1,1,0,0,0,0,0,0,0,1,1,1,1,1,0,0,0
Brocoli,886,,Field,Mild,9M,3,7,8,no,12,8,Cooked green,2,2,1,8,0,0,0,0,0,0,1,1,0,0,0,0,0,0,1,1,1,1,1,1,0,0,0,0
Betterave botte,885,,Field,Mild,9M,7,9,11,yes,12,12,Root crop,3,4,1,16,0,0,0,0,0,0,0,0,1,1,1,1,0,0,0,0,0,0,1,1,1,1,1,0
Betterave conservation,884,,Field,Mild,9M,6,8,10,yes,12,12,Root crop,3,5,1,20,0,0,0,0,0,0,0,1,1,1,1,1,0,0,0,0,0,1,1,1,1,1,0,0
Betterave botte,883,,Tunnel,Mild,9M,4,7,7,no,12,7,Root crop,1,1,1,4,0,0,0,0,0,0,1,0,0,0,0,0,0,0,0,1,1,1,1,0,0,0,0,0
Betterave botte,882,,Tunnel,Mild,9M,3,5,6,no,12,6,Root crop,2,2,1,8,0,0,0,0,1,1,0,0,0,0,0,0,0,0,1,1,1,1,0,0,0,0,0,0
Betterave botte,881,,Tunnel,Mild,9M,12,4,5,no,12,5,Root crop,2,2,1,8,0,0,0,1,1,0,0,0,0,0,0,0,1,1,1,1,1,0,0,0,0,0,0,1
Betterave botte,880,,Field,Mild,9M,4,7,8,no,12,8,Root crop,2,2,1,8,0,0,0,0,0,0,1,1,0,0,0,0,0,0,0,1,1,1,1,1,0,0,0,0
Betterave botte,879,,Field,Mild,9M,5,7,9,no,12,9,Root crop,3,3,1,12,0,0,0,0,0,0,1,1,1,0,0,0,0,0,0,0,1,1,1,1,1,0,0,0
Betterave botte,878,,Field,Mild,9M,3,6,6,no,12,6,Root crop,1,1,1,4,0,0,0,0,0,1,0,0,0,0,0,0,0,0,1,1,1,1,0,0,0,0,0,0
Bette,877,,Tunnel,Mild,9M,10,11,12,no,12,12,Cooked green,4,4,1,16,0,0,0,0,0,0,0,0,0,0,1,1,0,0,0,0,0,0,0,0,0,1,1,1
Bette,876,,Tunnel,Mild,9M,9,11,12,no,12,12,Cooked green,5,5,1,20,0,0,0,0,0,0,0,0,0,0,1,1,0,0,0,0,0,0,0,0,1,1,1,1
Bette,874,,Field,Mild,9M,7,9,9,no,12,9,Cooked green,1,1,1,4,0,0,0,0,0,0,0,0,1,0,0,0,0,0,0,0,0,0,1,1,1,0,0,0
Bette,873,,Field,Mild,9M,4,6,8,no,12,8,Cooked green,3,3,1,12,0,0,0,0,0,1,1,1,0,0,0,0,0,0,0,1,1,1,1,1,0,0,0,0
Bette,872,,Field,Mild,9M,3,5,6,no,12,6,Cooked green,2,2,1,8,0,0,0,0,1,1,0,0,0,0,0,0,0,0,1,1,1,1,0,0,0,0,0,0
Aubergine,871,,Tunnel,Mild,9M,5,7,10,no,12,10,Fruit crop,4,4,2,16,0,0,0,0,0,0,1,1,1,1,0,0,0,0,0,0,1,1,1,1,1,1,0,0
Aubergine,870,,Tunnel,Mild,9M,4,6,10,no,12,10,Fruit crop,5,5,2,20,0,0,0,0,0,1,1,1,1,1,0,0,0,0,0,1,1,1,1,1,1,1,0,0
Aromatique,868,,Tunnel,Mild,9M,5,9,10,no,12,10,Condiment crop,2,2,1,8,0,0,0,0,0,0,0,0,1,1,0,0,0,0,0,0,1,1,1,1,1,1,0,0
Aromatique,867,,Tunnel,Mild,9M,4,6,10,no,12,10,Condiment crop,5,5,1,20,0,0,0,0,0,1,1,1,1,1,0,0,0,0,0,1,1,1,1,1,1,1,0,0
Aromatique,866,,Tunnel,Mild,9M,3,5,9,no,12,9,Condiment crop,5,5,1,20,0,0,0,0,1,1,1,1,1,0,0,0,0,0,1,1,1,1,1,1,1,0,0,0
Aromatique,865,,Field,Mild,9M,4,7,9,no,12,9,Condiment crop,3,3,1,12,0,0,0,0,0,0,1,1,1,0,0,0,0,0,0,1,1,1,1,1,1,0,0,0
Ail conservation,864,,Tunnel,Mild,9M,10,5,5,yes,12,12,Condiment crop,1,8,1,32,0,0,0,0,1,1,1,1,1,1,1,1,1,1,1,1,1,0,0,0,0,1,1,1
Ail conservation,863,,Field,Mild,9M,11,6,6,yes,12,12,Condiment crop,1,7,1,28,0,0,0,0,0,1,1,1,1,1,1,1,1,1,1,1,1,1,0,0,0,0,1,1
Ail botte,862,,Tunnel,Mild,9M,11,4,5,no,12,5,Condiment crop,3,3,1,12,0,0,0,1,1,0,0,0,0,0,0,0,1,1,1,1,1,0,0,0,0,0,1,1
Tomate classique,861,,Tunnel,Cool,9M,5,9,10,no,12,10,Tomato,2,2,1,8,0,0,0,0,0,0,0,0,1,1,0,0,0,0,0,0,1,1,1,1,1,1,0,0
Tomate classique,860,,Tunnel,Cool,9M,5,7,10,no,12,10,Tomato,4,4,1,16,0,0,0,0,0,0,1,1,1,1,0,0,0,0,0,0,1,1,1,1,1,1,0,0
Tomate cerise,859,,Tunnel,Cool,9M,5,8,9,no,12,9,Tomato,2,2,1,8,0,0,0,0,0,0,0,1,1,0,0,0,0,0,0,0,1,1,1,1,1,0,0,0
Tomate cerise,858,,Tunnel,Cool,9M,4,8,10,no,12,10,Tomato,3,3,1,12,0,0,0,0,0,0,0,1,1,1,0,0,0,0,0,1,1,1,1,1,1,1,0,0
Tomate cerise,857,,Tunnel,Cool,9M,3,7,9,no,12,9,Tomato,3,3,1,12,0,0,0,0,0,0,1,1,1,0,0,0,0,0,1,1,1,1,1,1,1,0,0,0
Tomate cerise,856,,Tunnel,Cool,9M,6,7,10,no,12,10,Tomato,4,4,1,16,0,0,0,0,0,0,1,1,1,1,0,0,0,0,0,0,0,1,1,1,1,1,0,0
Tomate cerise,855,,Tunnel,Cool,9M,4,7,10,no,12,10,Tomato,4,4,1,16,0,0,0,0,0,0,1,1,1,1,0,0,0,0,0,1,1,1,1,1,1,1,0,0
Tomate ancienne,854,,Tunnel,Cool,9M,5,8,10,no,12,10,Tomato,3,3,1,12,0,0,0,0,0,0,0,1,1,1,0,0,0,0,0,0,1,1,1,1,1,1,0,0
Tomate ancienne,853,,Tunnel,Cool,9M,4,8,10,no,12,10,Tomato,3,3,1,12,0,0,0,0,0,0,0,1,1,1,0,0,0,0,0,1,1,1,1,1,1,1,0,0
Tomate ancienne,852,,Tunnel,Cool,9M,6,7,10,no,12,10,Tomato,4,4,1,16,0,0,0,0,0,0,1,1,1,1,0,0,0,0,0,0,0,1,1,1,1,1,0,0
Tomate ancienne,851,,Tunnel,Cool,9M,4,7,10,no,12,10,Tomato,4,4,1,16,0,0,0,0,0,0,1,1,1,1,0,0,0,0,0,1,1,1,1,1,1,1,0,0
Salade,850,,Tunnel,Cool,9M,11,12,12,no,12,12,Raw green,1,1,1,4,0,0,0,0,0,0,0,0,0,0,0,1,0,0,0,0,0,0,0,0,0,0,1,1
Salade,849,,Tunnel,Cool,9M,10,11,11,no,12,11,Raw green,1,1,1,4,0,0,0,0,0,0,0,0,0,0,1,0,0,0,0,0,0,0,0,0,0,1,1,0
Salade,848,,Tunnel,Cool,9M,9,10,10,no,12,10,Raw green,1,1,1,4,0,0,0,0,0,0,0,0,0,1,0,0,0,0,0,0,0,0,0,0,1,1,0,0
Salade,847,,Tunnel,Cool,9M,9,10,11,no,12,11,Raw green,2,2,1,8,0,0,0,0,0,0,0,0,0,1,1,0,0,0,0,0,0,0,0,0,1,1,1,0
Salade,846,,Tunnel,Cool,9M,9,9,9,no,12,9,Raw green,1,1,1,4,0,0,0,0,0,0,0,0,1,0,0,0,0,0,0,0,0,0,0,0,1,0,0,0
Salade,845,,Tunnel,Cool,9M,7,8,9,no,12,9,Raw green,2,2,1,8,0,0,0,0,0,0,0,1,1,0,0,0,0,0,0,0,0,0,1,1,1,0,0,0
Salade,844,,Tunnel,Cool,9M,8,8,10,no,12,10,Raw green,3,3,1,12,0,0,0,0,0,0,0,1,1,1,0,0,0,0,0,0,0,0,0,1,1,1,0,0
Salade,843,,Tunnel,Cool,9M,5,7,7,no,12,7,Raw green,1,1,1,4,0,0,0,0,0,0,1,0,0,0,0,0,0,0,0,0,1,1,1,0,0,0,0,0
Salade,842,,Tunnel,Cool,9M,6,7,8,no,12,8,Raw green,2,2,1,8,0,0,0,0,0,0,1,1,0,0,0,0,0,0,0,0,0,1,1,1,0,0,0,0
Salade,841,,Tunnel,Cool,9M,4,6,6,no,12,6,Raw green,1,1,1,4,0,0,0,0,0,1,0,0,0,0,0,0,0,0,0,1,1,1,0,0,0,0,0,0
Salade,840,,Tunnel,Cool,9M,5,6,7,no,12,7,Raw green,2,2,1,8,0,0,0,0,0,1,1,0,0,0,0,0,0,0,0,0,1,1,1,0,0,0,0,0
Salade,839,,Tunnel,Cool,9M,4,5,5,no,12,5,Raw green,1,1,1,4,0,0,0,0,1,0,0,0,0,0,0,0,0,0,0,1,1,0,0,0,0,0,0,0
Salade,838,,Tunnel,Cool,9M,3,5,5,no,12,5,Raw green,1,1,1,4,0,0,0,0,1,0,0,0,0,0,0,0,0,0,1,1,1,0,0,0,0,0,0,0
Salade,837,,Tunnel,Cool,9M,4,5,6,no,12,6,Raw green,2,2,1,8,0,0,0,0,1,1,0,0,0,0,0,0,0,0,0,1,1,1,0,0,0,0,0,0
Salade,836,,Tunnel,Cool,9M,12,4,4,no,12,4,Raw green,1,1,1,4,0,0,0,1,0,0,0,0,0,0,0,0,1,1,1,1,0,0,0,0,0,0,0,1
Salade,835,,Tunnel,Cool,9M,10,4,4,no,12,4,Raw green,1,1,1,4,0,0,0,1,0,0,0,0,0,0,0,0,1,1,1,1,0,0,0,0,0,1,1,1
Salade,834,,Tunnel,Cool,9M,3,4,5,no,12,5,Raw green,2,2,1,8,0,0,0,1,1,0,0,0,0,0,0,0,0,0,1,1,1,0,0,0,0,0,0,0
Salade,833,,Tunnel,Cool,9M,9,4,4,no,12,4,Raw green,2,2,1,8,0,0,0,1,0,0,0,0,0,0,0,0,1,1,1,1,0,0,0,0,1,1,1,1
Salade,831,,Field,Cool,9M,9,12,12,no,12,12,Raw green,1,1,1,4,0,0,0,0,0,0,0,0,0,0,0,1,0,0,0,0,0,0,0,0,1,1,1,1
Salade,830,,Field,Cool,9M,10,11,11,no,12,11,Raw green,1,1,1,4,0,0,0,0,0,0,0,0,0,0,1,0,0,0,0,0,0,0,0,0,0,1,1,0
Salade,829,,Field,Cool,9M,9,10,10,no,12,10,Raw green,1,1,1,4,0,0,0,0,0,0,0,0,0,1,0,0,0,0,0,0,0,0,0,0,1,1,0,0
Salade,828,,Field,Cool,9M,8,10,10,no,12,10,Raw green,1,1,1,4,0,0,0,0,0,0,0,0,0,1,0,0,0,0,0,0,0,0,0,1,1,1,0,0
Salade,827,,Field,Cool,9M,8,9,9,no,12,9,Raw green,1,1,1,4,0,0,0,0,0,0,0,0,1,0,0,0,0,0,0,0,0,0,0,1,1,0,0,0
Salade,826,,Field,Cool,9M,7,9,9,no,12,9,Raw green,1,1,1,4,0,0,0,0,0,0,0,0,1,0,0,0,0,0,0,0,0,0,1,1,1,0,0,0
Salade,825,,Field,Cool,9M,7,8,8,no,12,8,Raw green,1,1,1,4,0,0,0,0,0,0,0,1,0,0,0,0,0,0,0,0,0,0,1,1,0,0,0,0
Salade,824,,Field,Cool,9M,6,8,8,no,12,8,Raw green,1,1,1,4,0,0,0,0,0,0,0,1,0,0,0,0,0,0,0,0,0,1,1,1,0,0,0,0
Salade,823,,Field,Cool,9M,5,8,8,no,12,8,Raw green,1,1,1,4,0,0,0,0,0,0,0,1,0,0,0,0,0,0,0,0,1,1,1,1,0,0,0,0
Salade,822,,Field,Cool,9M,6,8,9,no,12,9,Raw green,2,2,1,8,0,0,0,0,0,0,0,1,1,0,0,0,0,0,0,0,0,1,1,1,1,0,0,0
Salade,821,,Field,Cool,9M,6,7,7,no,12,7,Raw green,1,1,1,4,0,0,0,0,0,0,1,0,0,0,0,0,0,0,0,0,0,1,1,0,0,0,0,0
Salade,820,,Field,Cool,9M,5,7,7,no,12,7,Raw green,1,1,1,4,0,0,0,0,0,0,1,0,0,0,0,0,0,0,0,0,1,1,1,0,0,0,0,0
Salade,819,,Field,Cool,9M,4,7,7,no,12,7,Raw green,1,1,1,4,0,0,0,0,0,0,1,0,0,0,0,0,0,0,0,1,1,1,1,0,0,0,0,0
Salade,818,,Field,Cool,9M,5,6,6,no,12,6,Raw green,1,1,1,4,0,0,0,0,0,1,0,0,0,0,0,0,0,0,0,0,1,1,0,0,0,0,0,0
Salade,817,,Field,Cool,9M,4,5,5,no,12,5,Raw green,1,1,1,4,0,0,0,0,1,0,0,0,0,0,0,0,0,0,0,1,1,0,0,0,0,0,0,0
Radis conservation,815,,Tunnel,Cool,9M,8,10,12,yes,12,12,Root crop,3,3,1,12,0,0,0,0,0,0,0,0,0,1,1,1,0,0,0,0,0,0,0,1,1,1,1,1
Radis conservation,814,,Field,Cool,9M,8,10,10,yes,12,12,Root crop,1,3,1,12,0,0,0,0,0,0,0,0,0,1,1,1,0,0,0,0,0,0,0,1,1,1,0,0
Radis conservation,813,,Field,Cool,9M,7,10,10,yes,12,12,Root crop,1,3,1,12,0,0,0,0,0,0,0,0,0,1,1,1,0,0,0,0,0,0,1,1,1,1,0,0
Radis botte,811,,Tunnel,Cool,9M,9,11,12,no,12,12,Root crop,2,2,1,8,0,0,0,0,0,0,0,0,0,0,1,1,0,0,0,0,0,0,0,0,1,1,1,1
Radis botte,810,,Tunnel,Cool,9M,9,10,10,no,12,10,Root crop,1,1,1,4,0,0,0,0,0,0,0,0,0,1,0,0,0,0,0,0,0,0,0,0,1,1,0,0
Radis botte,809,,Tunnel,Cool,9M,7,8,8,no,12,8,Root crop,1,1,1,4,0,0,0,0,0,0,0,1,0,0,0,0,0,0,0,0,0,0,1,1,0,0,0,0
Radis botte,808,,Tunnel,Cool,9M,5,6,6,no,12,6,Root crop,1,1,1,4,0,0,0,0,0,1,0,0,0,0,0,0,0,0,0,0,1,1,0,0,0,0,0,0
Radis botte,807,,Tunnel,Cool,9M,4,5,5,no,12,5,Root crop,1,1,1,4,0,0,0,0,1,0,0,0,0,0,0,0,0,0,0,1,1,0,0,0,0,0,0,0
Radis botte,806,,Tunnel,Cool,9M,3,5,5,no,12,5,Root crop,1,1,1,4,0,0,0,0,1,0,0,0,0,0,0,0,0,0,1,1,1,0,0,0,0,0,0,0
Radis botte,805,,Tunnel,Cool,9M,3,4,4,no,12,4,Root crop,1,1,1,4,0,0,0,1,0,0,0,0,0,0,0,0,0,0,1,1,0,0,0,0,0,0,0,0
Radis botte,804,,Tunnel,Cool,9M,2,4,4,no,12,4,Root crop,1,1,1,4,0,0,0,1,0,0,0,0,0,0,0,0,0,1,1,1,0,0,0,0,0,0,0,0
Radis botte,803,,Tunnel,Cool,9M,10,4,4,no,12,4,Root crop,2,2,1,8,0,0,0,1,0,0,0,0,0,0,0,0,1,1,1,1,0,0,0,0,0,1,1,1
Radis botte,801,,Field,Cool,9M,7,11,12,no,12,12,Root crop,3,3,1,12,0,0,0,0,0,0,0,0,0,0,1,1,0,0,0,0,0,0,1,1,1,1,1,1
Radis botte,800,,Field,Cool,9M,8,9,9,no,12,9,Root crop,1,1,1,4,0,0,0,0,0,0,0,0,1,0,0,0,0,0,0,0,0,0,0,1,1,0,0,0
Radis botte,799,,Field,Cool,9M,8,9,10,no,12,10,Root crop,2,2,1,8,0,0,0,0,0,0,0,0,1,1,0,0,0,0,0,0,0,0,0,1,1,1,0,0
Radis botte,798,,Field,Cool,9M,6,8,9,no,12,9,Root crop,2,2,1,8,0,0,0,0,0,0,0,1,1,0,0,0,0,0,0,0,0,1,1,1,1,0,0,0
Radis botte,797,,Field,Cool,9M,5,6,6,no,12,6,Root crop,1,1,1,4,0,0,0,0,0,1,0,0,0,0,0,0,0,0,0,0,1,1,0,0,0,0,0,0
Radis botte,796,,Field,Cool,9M,4,5,5,no,12,5,Root crop,1,1,1,4,0,0,0,0,1,0,0,0,0,0,0,0,0,0,0,1,1,0,0,0,0,0,0,0
Radis botte,795,,Field,Cool,9M,3,5,5,no,12,5,Root crop,1,1,1,4,0,0,0,0,1,0,0,0,0,0,0,0,0,0,1,1,1,0,0,0,0,0,0,0
Radis botte,794,,Field,Cool,9M,3,4,4,no,12,4,Root crop,1,1,1,4,0,0,0,1,0,0,0,0,0,0,0,0,0,0,1,1,0,0,0,0,0,0,0,0
Pomme de terre primeur,793,,Tunnel,Cool,9M,2,5,5,no,12,5,Potato,1,1,1,4,0,0,0,0,1,0,0,0,0,0,0,0,0,1,1,1,1,0,0,0,0,0,0,0
Pomme de terre primeur,792,,Field,Cool,9M,4,7,8,no,12,8,Potato,2,2,1,8,0,0,0,0,0,0,1,1,0,0,0,0,0,0,0,1,1,1,1,1,0,0,0,0
Pomme de terre primeur,791,,Field,Cool,9M,3,6,7,no,12,7,Potato,2,2,1,8,0,0,0,0,0,1,1,0,0,0,0,0,0,0,1,1,1,1,1,0,0,0,0,0
Poivron,789,,Tunnel,Cool,9M,7,9,10,no,12,10,Fruit crop,2,2,2,8,0,0,0,0,0,0,0,0,1,1,0,0,0,0,0,0,0,0,1,1,1,1,0,0
Poivron,788,,Tunnel,Cool,9M,5,8,9,no,12,9,Fruit crop,2,2,2,8,0,0,0,0,0,0,0,1,1,0,0,0,0,0,0,0,1,1,1,1,1,0,0,0
Poivron,787,,Tunnel,Cool,9M,6,8,10,no,12,10,Fruit crop,3,3,2,12,0,0,0,0,0,0,0,1,1,1,0,0,0,0,0,0,0,1,1,1,1,1,0,0
Poivron,786,,Tunnel,Cool,9M,5,8,10,no,12,10,Fruit crop,3,3,2,12,0,0,0,0,0,0,0,1,1,1,0,0,0,0,0,0,1,1,1,1,1,1,0,0
Poivron,785,,Tunnel,Cool,9M,4,7,9,no,12,9,Fruit crop,3,3,2,12,0,0,0,0,0,0,1,1,1,0,0,0,0,0,0,1,1,1,1,1,1,0,0,0
Poivron,784,,Tunnel,Cool,9M,4,7,10,no,12,10,Fruit crop,4,4,2,16,0,0,0,0,0,0,1,1,1,1,0,0,0,0,0,1,1,1,1,1,1,1,0,0
Poivron,783,,Field,Cool,9M,6,9,11,no,12,11,Fruit crop,3,3,2,12,0,0,0,0,0,0,0,0,1,1,1,0,0,0,0,0,0,1,1,1,1,1,1,0
Pois,782,,Tunnel,Cool,9M,4,6,6,no,12,6,Fruit crop,1,1,1,4,0,0,0,0,0,1,0,0,0,0,0,0,0,0,0,1,1,1,0,0,0,0,0,0
Pois,781,,Tunnel,Cool,9M,2,5,5,no,12,5,Fruit crop,1,1,1,4,0,0,0,0,1,0,0,0,0,0,0,0,0,1,1,1,1,0,0,0,0,0,0,0
Pois,780,,Tunnel,Cool,9M,2,5,6,no,12,6,Fruit crop,2,2,1,8,0,0,0,0,1,1,0,0,0,0,0,0,0,1,1,1,1,1,0,0,0,0,0,0
Pois,779,,Field,Cool,9M,7,9,10,no,12,10,Fruit crop,2,2,1,8,0,0,0,0,0,0,0,0,1,1,0,0,0,0,0,0,0,0,1,1,1,1,0,0
Pois,778,,Field,Cool,9M,5,8,8,no,12,8,Fruit crop,1,1,1,4,0,0,0,0,0,0,0,1,0,0,0,0,0,0,0,0,1,1,1,1,0,0,0,0
Pois,777,,Field,Cool,9M,4,7,7,no,12,7,Fruit crop,1,1,1,4,0,0,0,0,0,0,1,0,0,0,0,0,0,0,0,1,1,1,1,0,0,0,0,0
Pois,776,,Field,Cool,9M,3,6,6,no,12,6,Fruit crop,1,1,1,4,0,0,0,0,0,1,0,0,0,0,0,0,0,0,1,1,1,1,0,0,0,0,0,0
Pois,775,,Field,Cool,9M,4,6,7,no,12,7,Fruit crop,2,2,1,8,0,0,0,0,0,1,1,0,0,0,0,0,0,0,0,1,1,1,1,0,0,0,0,0
Pois,774,,Field,Cool,9M,3,6,7,no,12,7,Fruit crop,2,2,1,8,0,0,0,0,0,1,1,0,0,0,0,0,0,0,1,1,1,1,1,0,0,0,0,0
Poireau,773,,Tunnel,Cool,9M,8,10,10,no,12,10,Cooked green,1,1,1,4,0,0,0,0,0,0,0,0,0,1,0,0,0,0,0,0,0,0,0,1,1,1,0,0
Poireau,772,,Tunnel,Cool,9M,5,9,10,no,12,10,Cooked green,2,2,1,8,0,0,0,0,0,0,0,0,1,1,0,0,0,0,0,0,1,1,1,1,1,1,0,0
Poireau,771,,Tunnel,Cool,9M,4,8,9,no,12,9,Cooked green,2,2,1,8,0,0,0,0,0,0,0,1,1,0,0,0,0,0,0,1,1,1,1,1,1,0,0,0
Poireau,770,,Tunnel,Cool,9M,3,6,6,no,12,6,Cooked green,1,1,1,4,0,0,0,0,0,1,0,0,0,0,0,0,0,0,1,1,1,1,0,0,0,0,0,0
Poireau,769,,Tunnel,Cool,9M,10,4,4,no,12,4,Cooked green,1,1,1,4,0,0,0,1,0,0,0,0,0,0,0,0,1,1,1,1,0,0,0,0,0,1,1,1
Poireau,767,,Field,Cool,9M,6,10,12,no,12,12,Cooked green,3,3,1,12,0,0,0,0,0,0,0,0,0,1,1,1,0,0,0,0,0,1,1,1,1,1,1,1
Poireau,766,,Field,Cool,9M,4,8,9,no,12,9,Cooked green,2,2,1,8,0,0,0,0,0,0,0,1,1,0,0,0,0,0,0,1,1,1,1,1,1,0,0,0
Piment,763,,Tunnel,Cool,9M,5,8,10,yes,12,12,Condiment crop,3,5,1,20,0,0,0,0,0,0,0,1,1,1,1,1,0,0,0,0,1,1,1,1,1,1,0,0
Panais,762,,Field,Cool,9M,4,11,12,yes,12,12,Root crop,1,2,1,8,0,0,0,0,0,0,0,0,0,0,1,1,0,0,0,1,1,1,1,1,1,1,1,1
Oignon conservation,761,,Field,Cool,9M,4,9,9,yes,12,12,Condiment crop,1,4,1,16,0,0,0,0,0,0,0,0,1,1,1,1,0,0,0,1,1,1,1,1,1,0,0,0
Oignon conservation,760,,Field,Cool,9M,6,8,8,yes,12,12,Condiment crop,1,5,1,20,0,0,0,0,0,0,0,1,1,1,1,1,0,0,0,0,0,1,1,1,0,0,0,0
Oignon conservation,759,,Field,Cool,9M,5,8,8,yes,12,12,Condiment crop,1,5,1,20,0,0,0,0,0,0,0,1,1,1,1,1,0,0,0,0,1,1,1,1,0,0,0,0
Oignon conservation,758,,Field,Cool,9M,4,8,8,yes,12,12,Condiment crop,1,5,1,20,0,0,0,0,0,0,0,1,1,1,1,1,0,0,0,1,1,1,1,1,0,0,0,0
Oignon conservation,757,,Field,Cool,9M,4,7,7,yes,12,12,Condiment crop,1,6,1,24,0,0,0,0,0,0,1,1,1,1,1,1,0,0,0,1,1,1,1,0,0,0,0,0
Oignon botte,756,,Tunnel,Cool,9M,4,6,6,no,12,6,Condiment crop,1,1,1,4,0,0,0,0,0,1,0,0,0,0,0,0,0,0,0,1,1,1,0,0,0,0,0,0
Oignon botte,755,,Tunnel,Cool,9M,3,6,6,no,12,6,Condiment crop,1,1,1,4,0,0,0,0,0,1,0,0,0,0,0,0,0,0,1,1,1,1,0,0,0,0,0,0
Oignon botte,754,,Tunnel,Cool,9M,4,6,7,no,12,7,Condiment crop,2,2,1,8,0,0,0,0,0,1,1,0,0,0,0,0,0,0,0,1,1,1,1,0,0,0,0,0
Oignon botte,753,,Tunnel,Cool,9M,9,5,6,no,12,6,Condiment crop,2,2,1,8,0,0,0,0,1,1,0,0,0,0,0,0,1,1,1,1,1,1,0,0,1,1,1,1
Oignon botte,752,,Tunnel,Cool,9M,10,4,4,no,12,4,Condiment crop,1,1,1,4,0,0,0,1,0,0,0,0,0,0,0,0,1,1,1,1,0,0,0,0,0,1,1,1
Oignon botte,751,,Field,Cool,9M,5,8,10,no,12,10,Condiment crop,3,3,1,12,0,0,0,0,0,0,0,1,1,1,0,0,0,0,0,0,1,1,1,1,1,1,0,0
Oignon botte,750,,Field,Cool,9M,4,7,9,no,12,9,Condiment crop,3,3,1,12,0,0,0,0,0,0,1,1,1,0,0,0,0,0,0,1,1,1,1,1,1,0,0,0
Oignon botte,749,,Field,Cool,9M,4,6,6,no,12,6,Condiment crop,1,1,1,4,0,0,0,0,0,1,0,0,0,0,0,0,0,0,0,1,1,1,0,0,0,0,0,0
Navet botte,746,,Tunnel,Cool,9M,4,5,5,no,12,5,Root crop,1,1,1,4,0,0,0,0,1,0,0,0,0,0,0,0,0,0,0,1,1,0,0,0,0,0,0,0
Navet botte,745,,Tunnel,Cool,9M,3,5,5,no,12,5,Root crop,1,1,1,4,0,0,0,0,1,0,0,0,0,0,0,0,0,0,1,1,1,0,0,0,0,0,0,0
Navet botte,744,,Tunnel,Cool,9M,3,5,6,no,12,6,Root crop,2,2,1,8,0,0,0,0,1,1,0,0,0,0,0,0,0,0,1,1,1,1,0,0,0,0,0,0
Navet botte,743,,Tunnel,Cool,9M,11,4,4,no,12,4,Root crop,1,1,1,4,0,0,0,1,0,0,0,0,0,0,0,0,1,1,1,1,0,0,0,0,0,0,1,1
Navet botte,741,,Field,Cool,9M,7,11,12,no,12,12,Root crop,2,2,1,8,0,0,0,0,0,0,0,0,0,0,1,1,0,0,0,0,0,0,1,1,1,1,1,1
Navet botte,740,,Field,Cool,9M,8,10,12,no,12,12,Root crop,3,3,1,12,0,0,0,0,0,0,0,0,0,1,1,1,0,0,0,0,0,0,0,1,1,1,1,1
Navet botte,739,,Field,Cool,9M,4,5,7,no,12,7,Root crop,3,3,1,12,0,0,0,0,1,1,1,0,0,0,0,0,0,0,0,1,1,1,1,0,0,0,0,0
Navet botte,738,,Field,Cool,9M,10,4,4,no,12,4,Root crop,1,1,1,4,0,0,0,1,0,0,0,0,0,0,0,0,1,1,1,1,0,0,0,0,0,1,1,1
Mesclun,736,,Tunnel,Cool,9M,10,11,12,no,12,12,Raw green,2,2,1,8,0,0,0,0,0,0,0,0,0,0,1,1,0,0,0,0,0,0,0,0,0,1,1,1
Mesclun,735,,Tunnel,Cool,9M,9,11,12,no,12,12,Raw green,2,2,1,8,0,0,0,0,0,0,0,0,0,0,1,1,0,0,0,0,0,0,0,0,1,1,1,1
Mesclun,734,,Tunnel,Cool,9M,6,10,11,no,12,11,Raw green,2,2,1,8,0,0,0,0,0,0,0,0,0,1,1,0,0,0,0,0,0,1,1,1,1,1,1,0
Mesclun,733,,Tunnel,Cool,9M,8,10,12,no,12,12,Raw green,4,4,1,16,0,0,0,0,0,0,0,0,0,1,1,1,0,0,0,0,0,0,0,1,1,1,1,1
Mesclun,732,,Tunnel,Cool,9M,7,7,9,no,12,9,Raw green,3,3,1,12,0,0,0,0,0,0,1,1,1,0,0,0,0,0,0,0,0,0,1,1,1,0,0,0
Mesclun,731,,Tunnel,Cool,9M,4,6,6,no,12,6,Raw green,1,1,1,4,0,0,0,0,0,1,0,0,0,0,0,0,0,0,0,1,1,1,0,0,0,0,0,0
Mesclun,730,,Tunnel,Cool,9M,5,6,8,no,12,8,Raw green,3,3,1,12,0,0,0,0,0,1,1,1,0,0,0,0,0,0,0,0,1,1,1,1,0,0,0,0
Mesclun,729,,Tunnel,Cool,9M,4,5,6,no,12,6,Raw green,2,2,1,8,0,0,0,0,1,1,0,0,0,0,0,0,0,0,0,1,1,1,0,0,0,0,0,0
Mesclun,728,,Tunnel,Cool,9M,2,4,5,no,12,5,Raw green,2,2,1,8,0,0,0,1,1,0,0,0,0,0,0,0,0,1,1,1,1,0,0,0,0,0,0,0
Mesclun,727,,Tunnel,Cool,9M,3,4,6,no,12,6,Raw green,3,3,1,12,0,0,0,1,1,1,0,0,0,0,0,0,0,0,1,1,1,1,0,0,0,0,0,0
Mesclun,726,,Tunnel,Cool,9M,12,4,4,no,12,4,Raw green,1,1,1,4,0,0,0,1,0,0,0,0,0,0,0,0,1,1,1,1,0,0,0,0,0,0,0,1
Mesclun,724,,Field,Cool,9M,8,10,10,no,12,10,Raw green,1,1,1,4,0,0,0,0,0,0,0,0,0,1,0,0,0,0,0,0,0,0,0,1,1,1,0,0
Melon,723,,Tunnel,Cool,9M,6,9,10,no,12,10,Fruit crop,2,2,1,8,0,0,0,0,0,0,0,0,1,1,0,0,0,0,0,0,0,1,1,1,1,1,0,0
Mache-pourp,722,,Tunnel,Cool,9M,9,12,12,no,12,12,Raw green,2,2,1,8,0,0,0,0,0,0,0,0,0,0,0,1,0,0,0,0,0,0,0,0,1,1,1,1
Mache-pourp,721,,Tunnel,Cool,9M,9,11,12,no,12,12,Raw green,2,2,1,8,0,0,0,0,0,0,0,0,0,0,1,1,0,0,0,0,0,0,0,0,1,1,1,1
Mache-pourp,720,,Tunnel,Cool,9M,2,4,4,no,12,4,Raw green,1,1,1,4,0,0,0,1,0,0,0,0,0,0,0,0,0,1,1,1,0,0,0,0,0,0,0,0
Mache-pourp,714,,Field,Cool,9M,8,11,12,no,12,12,Raw green,2,2,1,8,0,0,0,0,0,0,0,0,0,0,1,1,0,0,0,0,0,0,0,1,1,1,1,1
Mache-pourp,713,,Field,Cool,9M,9,10,10,no,12,10,Raw green,1,1,1,4,0,0,0,0,0,0,0,0,0,1,0,0,0,0,0,0,0,0,0,0,1,1,0,0
Haricot,712,,Tunnel,Cool,9M,7,10,10,no,12,10,Fruit crop,1,1,2,4,0,0,0,0,0,0,0,0,0,1,0,0,0,0,0,0,0,0,1,1,1,1,0,0
Haricot,711,,Tunnel,Cool,9M,6,8,9,no,12,9,Fruit crop,2,2,2,8,0,0,0,0,0,0,0,1,1,0,0,0,0,0,0,0,0,1,1,1,1,0,0,0
Haricot,710,,Tunnel,Cool,9M,5,7,8,no,12,8,Fruit crop,2,2,2,8,0,0,0,0,0,0,1,1,0,0,0,0,0,0,0,0,1,1,1,1,0,0,0,0
Haricot,709,,Field,Cool,9M,6,9,9,no,12,9,Fruit crop,1,1,2,4,0,0,0,0,0,0,0,0,1,0,0,0,0,0,0,0,0,1,1,1,1,0,0,0
Haricot,708,,Field,Cool,9M,7,9,10,no,12,10,Fruit crop,2,2,2,8,0,0,0,0,0,0,0,0,1,1,0,0,0,0,0,0,0,0,1,1,1,1,0,0
Haricot,707,,Field,Cool,9M,5,8,8,no,12,8,Fruit crop,1,1,2,4,0,0,0,0,0,0,0,1,0,0,0,0,0,0,0,0,1,1,1,1,0,0,0,0
Haricot,706,,Field,Cool,9M,6,8,9,no,12,9,Fruit crop,2,2,2,8,0,0,0,0,0,0,0,1,1,0,0,0,0,0,0,0,0,1,1,1,1,0,0,0
Haricot,705,,Field,Cool,9M,5,8,9,no,12,9,Fruit crop,2,2,2,8,0,0,0,0,0,0,0,1,1,0,0,0,0,0,0,0,1,1,1,1,1,0,0,0
Haricot,704,,Field,Cool,9M,4,7,8,no,12,8,Fruit crop,2,2,2,8,0,0,0,0,0,0,1,1,0,0,0,0,0,0,0,1,1,1,1,1,0,0,0,0
Haricot,703,,Field,Cool,9M,3,7,8,no,12,8,Fruit crop,2,2,2,8,0,0,0,0,0,0,1,1,0,0,0,0,0,0,1,1,1,1,1,1,0,0,0,0
Fraise,702,,Field,Cool,9M,9,6,10,no,12,10,Fruit crop,5,5,1,20,0,0,0,0,0,1,1,1,1,1,0,0,0,0,0,0,0,0,0,0,1,1,0,0
Feve,701,,Tunnel,Cool,9M,2,6,7,no,12,7,Fruit crop,2,2,1,8,0,0,0,0,0,1,1,0,0,0,0,0,0,1,1,1,1,1,1,0,0,0,0,0
Feve,700,,Field,Cool,9M,3,7,7,no,12,7,Fruit crop,1,1,1,4,0,0,0,0,0,0,1,0,0,0,0,0,0,0,1,1,1,1,1,0,0,0,0,0
Feve,699,,Field,Cool,9M,3,6,7,no,12,7,Fruit crop,2,2,1,8,0,0,0,0,0,1,1,0,0,0,0,0,0,0,1,1,1,1,1,0,0,0,0,0
Fenouil,698,,Tunnel,Cool,9M,7,10,10,no,12,10,Cooked green,1,1,1,4,0,0,0,0,0,0,0,0,0,1,0,0,0,0,0,0,0,0,1,1,1,1,0,0
Fenouil,697,,Tunnel,Cool,9M,6,9,9,no,12,9,Cooked green,1,1,1,4,0,0,0,0,0,0,0,0,1,0,0,0,0,0,0,0,0,1,1,1,1,0,0,0
Fenouil,696,,Tunnel,Cool,9M,3,7,7,no,12,7,Cooked green,1,1,1,4,0,0,0,0,0,0,1,0,0,0,0,0,0,0,1,1,1,1,1,0,0,0,0,0
Fenouil,695,,Tunnel,Cool,9M,3,5,5,no,12,5,Cooked green,1,1,1,4,0,0,0,0,1,0,0,0,0,0,0,0,0,0,1,1,1,0,0,0,0,0,0,0
Fenouil,694,,Tunnel,Cool,9M,3,4,4,no,12,4,Cooked green,1,1,1,4,0,0,0,1,0,0,0,0,0,0,0,0,0,0,1,1,0,0,0,0,0,0,0,0
Fenouil,693,,Field,Cool,9M,7,10,10,no,12,10,Cooked green,1,1,1,4,0,0,0,0,0,0,0,0,0,1,0,0,0,0,0,0,0,0,1,1,1,1,0,0
Fenouil,692,,Field,Cool,9M,8,10,11,no,12,11,Cooked green,2,2,1,8,0,0,0,0,0,0,0,0,0,1,1,0,0,0,0,0,0,0,0,1,1,1,1,0
Fenouil,691,,Field,Cool,9M,5,8,8,no,12,8,Cooked green,1,1,1,4,0,0,0,0,0,0,0,1,0,0,0,0,0,0,0,0,1,1,1,1,0,0,0,0
Fenouil,690,,Field,Cool,9M,6,8,9,no,12,9,Cooked green,2,2,1,8,0,0,0,0,0,0,0,1,1,0,0,0,0,0,0,0,0,1,1,1,1,0,0,0
Fenouil,689,,Field,Cool,9M,7,8,11,no,12,11,Cooked green,4,4,1,16,0,0,0,0,0,0,0,1,1,1,1,0,0,0,0,0,0,0,1,1,1,1,1,0
Fenouil,688,,Field,Cool,9M,6,7,7,no,12,7,Cooked green,1,1,1,4,0,0,0,0,0,0,1,0,0,0,0,0,0,0,0,0,0,1,1,0,0,0,0,0
Fenouil,687,,Field,Cool,9M,5,7,10,no,12,10,Cooked green,4,4,1,16,0,0,0,0,0,0,1,1,1,1,0,0,0,0,0,0,1,1,1,1,1,1,0,0
Epinard,685,,Tunnel,Cool,9M,9,11,11,no,12,11,Cooked green,1,1,1,4,0,0,0,0,0,0,0,0,0,0,1,0,0,0,0,0,0,0,0,0,1,1,1,0
Epinard,684,,Tunnel,Cool,9M,11,5,5,no,12,5,Cooked green,1,1,1,4,0,0,0,0,1,0,0,0,0,0,0,0,1,1,1,1,1,0,0,0,0,0,1,1
Epinard,683,,Tunnel,Cool,9M,2,5,5,no,12,5,Cooked green,1,1,1,4,0,0,0,0,1,0,0,0,0,0,0,0,0,1,1,1,1,0,0,0,0,0,0,0
Epinard,682,,Tunnel,Cool,9M,10,4,4,no,12,4,Cooked green,1,1,1,4,0,0,0,1,0,0,0,0,0,0,0,0,1,1,1,1,0,0,0,0,0,1,1,1
Epinard,681,,Tunnel,Cool,9M,3,4,4,no,12,4,Cooked green,1,1,1,4,0,0,0,1,0,0,0,0,0,0,0,0,0,0,1,1,0,0,0,0,0,0,0,0
Epinard,680,,Tunnel,Cool,9M,2,4,4,no,12,4,Cooked green,1,1,1,4,0,0,0,1,0,0,0,0,0,0,0,0,0,1,1,1,0,0,0,0,0,0,0,0
Epinard,675,,Field,Cool,9M,8,10,10,no,12,10,Cooked green,1,1,1,4,0,0,0,0,0,0,0,0,0,1,0,0,0,0,0,0,0,0,0,1,1,1,0,0
Epinard,674,,Field,Cool,9M,3,5,5,no,12,5,Cooked green,1,1,1,4,0,0,0,0,1,0,0,0,0,0,0,0,0,0,1,1,1,0,0,0,0,0,0,0
Epinard,673,,Field,Cool,9M,4,5,6,no,12,6,Cooked green,2,2,1,8,0,0,0,0,1,1,0,0,0,0,0,0,0,0,0,1,1,1,0,0,0,0,0,0
Epinard,672,,Field,Cool,9M,10,4,4,no,12,4,Cooked green,1,1,1,4,0,0,0,1,0,0,0,0,0,0,0,0,1,1,1,1,0,0,0,0,0,1,1,1
Endive,670,,Field,Cool,9M,5,10,10,no,12,10,Raw green,1,3,1,12,0,0,0,0,0,0,0,0,0,1,0,0,0,0,0,0,1,1,1,1,1,1,0,0
Echalote,669,,Field,Cool,9M,4,8,8,yes,12,12,Condiment crop,1,5,1,20,0,0,0,0,0,0,0,1,1,1,1,1,0,0,0,1,1,1,1,1,0,0,0,0
Echalote,668,,Field,Cool,9M,6,7,7,yes,12,12,Condiment crop,1,6,1,24,0,0,0,0,0,0,1,1,1,1,1,1,0,0,0,0,0,1,1,0,0,0,0,0
Courgette,667,,Tunnel,Cool,9M,7,9,9,no,12,9,Fruit crop,1,1,4,4,0,0,0,0,0,0,0,0,1,0,0,0,0,0,0,0,0,0,1,1,1,0,0,0
Courgette,666,,Tunnel,Cool,9M,4,7,8,no,12,8,Fruit crop,2,2,4,8,0,0,0,0,0,0,1,1,0,0,0,0,0,0,0,1,1,1,1,1,0,0,0,0
Courgette,665,,Field,Cool,9M,7,9,11,no,12,11,Fruit crop,3,3,4,12,0,0,0,0,0,0,0,0,1,1,1,0,0,0,0,0,0,0,1,1,1,1,1,0
Courgette,664,,Field,Cool,9M,5,7,9,no,12,9,Fruit crop,3,3,4,12,0,0,0,0,0,0,1,1,1,0,0,0,0,0,0,0,1,1,1,1,1,0,0,0
Courge,662,,Tunnel,Cool,9M,5,9,9,yes,12,12,Fruit crop,1,4,1,16,0,0,0,0,0,0,0,0,1,1,1,1,0,0,0,0,1,1,1,1,1,0,0,0
Courge,661,,Tunnel,Cool,9M,4,8,8,yes,12,12,Fruit crop,1,5,1,20,0,0,0,0,0,0,0,1,1,1,1,1,0,0,0,1,1,1,1,1,0,0,0,0
Courge,660,,Field,Cool,9M,5,9,10,yes,12,12,Fruit crop,2,4,1,16,0,0,0,0,0,0,0,0,1,1,1,1,0,0,0,0,1,1,1,1,1,1,0,0
Concombre,659,,Tunnel,Cool,9M,6,9,10,no,12,10,Fruit crop,2,2,4,8,0,0,0,0,0,0,0,0,1,1,0,0,0,0,0,0,0,1,1,1,1,1,0,0
Concombre,658,,Tunnel,Cool,9M,5,8,9,no,12,9,Fruit crop,2,2,4,8,0,0,0,0,0,0,0,1,1,0,0,0,0,0,0,0,1,1,1,1,1,0,0,0
Concombre,657,,Tunnel,Cool,9M,6,7,9,no,12,9,Fruit crop,3,3,4,12,0,0,0,0,0,0,1,1,1,0,0,0,0,0,0,0,0,1,1,1,1,0,0,0
Concombre,656,,Tunnel,Cool,9M,5,7,9,no,12,9,Fruit crop,3,3,4,12,0,0,0,0,0,0,1,1,1,0,0,0,0,0,0,0,1,1,1,1,1,0,0,0
Chou rave,655,,Tunnel,Cool,9M,4,6,8,no,12,8,Cooked green,3,3,1,12,0,0,0,0,0,1,1,1,0,0,0,0,0,0,0,1,1,1,1,1,0,0,0,0
Chou rave,654,,Tunnel,Cool,9M,3,5,6,no,12,6,Cooked green,2,2,1,8,0,0,0,0,1,1,0,0,0,0,0,0,0,0,1,1,1,1,0,0,0,0,0,0
Chou rave,653,,Tunnel,Cool,9M,2,4,5,no,12,5,Cooked green,2,2,1,8,0,0,0,1,1,0,0,0,0,0,0,0,0,1,1,1,1,0,0,0,0,0,0,0
Chou rave,651,,Field,Cool,9M,7,10,12,no,12,12,Cooked green,3,3,1,12,0,0,0,0,0,0,0,0,0,1,1,1,0,0,0,0,0,0,1,1,1,1,1,1
Chou rave,650,,Field,Cool,9M,7,8,9,no,12,9,Cooked green,2,2,1,8,0,0,0,0,0,0,0,1,1,0,0,0,0,0,0,0,0,0,1,1,1,0,0,0
Chou rave,649,,Field,Cool,9M,4,7,7,no,12,7,Cooked green,1,1,1,4,0,0,0,0,0,0,1,0,0,0,0,0,0,0,0,1,1,1,1,0,0,0,0,0
Chou kale,648,,Tunnel,Cool,9M,10,10,12,no,12,12,Cooked green,5,5,1,20,0,0,0,0,0,0,0,0,0,1,1,1,0,0,0,0,0,0,0,0,0,1,1,1
Chou kale,647,,Tunnel,Cool,9M,2,4,4,no,12,4,Cooked green,2,2,1,8,0,0,0,1,0,0,0,0,0,0,0,0,0,1,1,1,0,0,0,0,0,0,0,0
Chou fleur,644,,Field,Cool,9M,8,11,11,no,12,11,Cooked green,1,1,1,4,0,0,0,0,0,0,0,0,0,0,1,0,0,0,0,0,0,0,0,1,1,1,1,0
Chou fleur,643,,Field,Cool,9M,7,10,10,no,12,10,Cooked green,1,1,1,4,0,0,0,0,0,0,0,0,0,1,0,0,0,0,0,0,0,0,1,1,1,1,0,0
Chou fleur,642,,Field,Cool,9M,5,8,8,no,12,8,Cooked green,1,1,1,4,0,0,0,0,0,0,0,1,0,0,0,0,0,0,0,0,1,1,1,1,0,0,0,0
Chou chinois,639,,Tunnel,Cool,9M,9,11,11,no,12,11,Cooked green,1,1,1,4,0,0,0,0,0,0,0,0,0,0,1,0,0,0,0,0,0,0,0,0,1,1,1,0
Chou chinois,638,,Tunnel,Cool,9M,9,10,12,no,12,12,Cooked green,3,3,1,12,0,0,0,0,0,0,0,0,0,1,1,1,0,0,0,0,0,0,0,0,1,1,1,1
Chou chinois,637,,Tunnel,Cool,9M,10,10,12,no,12,12,Cooked green,4,4,1,16,0,0,0,0,0,0,0,0,0,1,1,1,0,0,0,0,0,0,0,0,0,1,1,1
Chou chinois,636,,Tunnel,Cool,9M,9,9,10,no,12,10,Cooked green,2,2,1,8,0,0,0,0,0,0,0,0,1,1,0,0,0,0,0,0,0,0,0,0,1,1,0,0
Chou chinois,635,,Tunnel,Cool,9M,6,7,7,no,12,7,Cooked green,1,1,1,4,0,0,0,0,0,0,1,0,0,0,0,0,0,0,0,0,0,1,1,0,0,0,0,0
Chou chinois,634,,Tunnel,Cool,9M,4,5,5,no,12,5,Cooked green,1,1,1,4,0,0,0,0,1,0,0,0,0,0,0,0,0,0,0,1,1,0,0,0,0,0,0,0
Chou chinois,633,,Tunnel,Cool,9M,3,4,4,no,12,4,Cooked green,1,1,1,4,0,0,0,1,0,0,0,0,0,0,0,0,0,0,1,1,0,0,0,0,0,0,0,0
Chou chinois,632,,Field,Cool,9M,8,10,10,no,12,10,Cooked green,1,1,1,4,0,0,0,0,0,0,0,0,0,1,0,0,0,0,0,0,0,0,0,1,1,1,0,0
Chou chinois,631,,Field,Cool,9M,7,9,9,no,12,9,Cooked green,1,1,1,4,0,0,0,0,0,0,0,0,1,0,0,0,0,0,0,0,0,0,1,1,1,0,0,0
Chou chinois,630,,Field,Cool,9M,4,5,5,no,12,5,Cooked green,1,1,1,4,0,0,0,0,1,0,0,0,0,0,0,0,0,0,0,1,1,0,0,0,0,0,0,0
Chou,629,,Tunnel,Cool,9M,3,6,7,no,12,7,Cooked green,2,2,1,8,0,0,0,0,0,1,1,0,0,0,0,0,0,0,1,1,1,1,1,0,0,0,0,0
Chou,628,,Tunnel,Cool,9M,2,5,6,no,12,6,Cooked green,2,2,1,8,0,0,0,0,1,1,0,0,0,0,0,0,0,1,1,1,1,1,0,0,0,0,0,0
Chou,627,,Tunnel,Cool,9M,9,4,5,no,12,5,Cooked green,2,2,1,8,0,0,0,1,1,0,0,0,0,0,0,0,1,1,1,1,1,0,0,0,1,1,1,1
Chou,626,,Field,Cool,9M,7,11,12,no,12,12,Cooked green,2,2,1,8,0,0,0,0,0,0,0,0,0,0,1,1,0,0,0,0,0,0,1,1,1,1,1,1
Chou,625,,Field,Cool,9M,6,10,12,no,12,12,Cooked green,3,3,1,12,0,0,0,0,0,0,0,0,0,1,1,1,0,0,0,0,0,1,1,1,1,1,1,1
Chou,624,,Field,Cool,9M,5,9,10,no,12,10,Cooked green,2,2,1,8,0,0,0,0,0,0,0,0,1,1,0,0,0,0,0,0,1,1,1,1,1,1,0,0
Chou,623,,Field,Cool,9M,4,8,8,no,12,8,Cooked green,1,1,1,4,0,0,0,0,0,0,0,1,0,0,0,0,0,0,0,1,1,1,1,1,0,0,0,0
Chou,622,,Field,Cool,9M,10,4,4,no,12,4,Cooked green,1,1,1,4,0,0,0,1,0,0,0,0,0,0,0,0,1,1,1,1,0,0,0,0,0,1,1,1
Chicoree,621,,Tunnel,Cool,9M,9,10,12,no,12,12,Raw green,3,3,1,12,0,0,0,0,0,0,0,0,0,1,1,1,0,0,0,0,0,0,0,0,1,1,1,1
Chicoree,620,,Tunnel,Cool,9M,7,9,12,no,12,12,Raw green,4,4,1,16,0,0,0,0,0,0,0,0,1,1,1,1,0,0,0,0,0,0,1,1,1,1,1,1
Chicoree,619,,Field,Cool,9M,8,10,11,no,12,11,Raw green,2,2,1,8,0,0,0,0,0,0,0,0,0,1,1,0,0,0,0,0,0,0,0,1,1,1,1,0
Celeri branche,616,,Tunnel,Cool,9M,7,11,12,no,12,12,Cooked green,2,2,1,8,0,0,0,0,0,0,0,0,0,0,1,1,0,0,0,0,0,0,1,1,1,1,1,1
Celeri branche,615,,Field,Cool,9M,5,8,11,no,12,11,Cooked green,4,4,1,16,0,0,0,0,0,0,0,1,1,1,1,0,0,0,0,0,1,1,1,1,1,1,1,0
Carotte botte,614,,Field,Cool,9M,6,9,10,no,12,10,Carrot,2,2,1,8,0,0,0,0,0,0,0,0,1,1,0,0,0,0,0,0,0,1,1,1,1,1,0,0
Carotte botte,613,,Field,Cool,9M,5,8,9,no,12,9,Carrot,2,2,1,8,0,0,0,0,0,0,0,1,1,0,0,0,0,0,0,0,1,1,1,1,1,0,0,0
Carotte botte,612,,Tunnel,Cool,9M,3,7,7,no,12,7,Carrot,1,1,1,4,0,0,0,0,0,0,1,0,0,0,0,0,0,0,1,1,1,1,1,0,0,0,0,0
Carotte botte,611,,Tunnel,Cool,9M,2,7,7,no,12,7,Carrot,1,1,1,4,0,0,0,0,0,0,1,0,0,0,0,0,0,1,1,1,1,1,1,0,0,0,0,0
Carotte botte,610,,Tunnel,Cool,9M,2,5,6,no,12,6,Carrot,2,2,1,8,0,0,0,0,1,1,0,0,0,0,0,0,0,1,1,1,1,1,0,0,0,0,0,0
Carotte botte,609,,Tunnel,Cool,9M,9,4,4,no,12,4,Carrot,1,1,1,4,0,0,0,1,0,0,0,0,0,0,0,0,1,1,1,1,0,0,0,0,1,1,1,1
Carotte botte,607,,Field,Cool,9M,4,7,8,no,12,8,Carrot,2,2,1,8,0,0,0,0,0,0,1,1,0,0,0,0,0,0,0,1,1,1,1,1,0,0,0,0
Carotte botte,606,,Field,Cool,9M,4,6,7,no,12,7,Carrot,2,2,1,8,0,0,0,0,0,1,1,0,0,0,0,0,0,0,0,1,1,1,1,0,0,0,0,0
Brocoli,605,,Field,Cool,9M,8,11,11,no,12,11,Cooked green,1,1,1,4,0,0,0,0,0,0,0,0,0,0,1,0,0,0,0,0,0,0,0,1,1,1,1,0
Brocoli,604,,Field,Cool,9M,4,6,7,no,12,7,Cooked green,2,2,1,8,0,0,0,0,0,1,1,0,0,0,0,0,0,0,0,1,1,1,1,0,0,0,0,0
Betterave botte,603,,Field,Cool,9M,7,10,10,yes,12,12,Root crop,1,3,1,12,0,0,0,0,0,0,0,0,0,1,1,1,0,0,0,0,0,0,1,1,1,1,0,0
Betterave botte,602,,Field,Cool,9M,6,8,9,yes,12,12,Root crop,2,5,1,20,0,0,0,0,0,0,0,1,1,1,1,1,0,0,0,0,0,1,1,1,1,0,0,0
Betterave botte,601,,Tunnel,Cool,9M,4,7,8,no,12,8,Root crop,2,2,1,8,0,0,0,0,0,0,1,1,0,0,0,0,0,0,0,1,1,1,1,1,0,0,0,0
Betterave botte,600,,Tunnel,Cool,9M,3,6,8,no,12,8,Root crop,3,3,1,12,0,0,0,0,0,1,1,1,0,0,0,0,0,0,1,1,1,1,1,1,0,0,0,0
Betterave botte,599,,Tunnel,Cool,9M,2,5,5,no,12,5,Root crop,1,1,1,4,0,0,0,0,1,0,0,0,0,0,0,0,0,1,1,1,1,0,0,0,0,0,0,0
Betterave botte,598,,Tunnel,Cool,9M,9,4,4,no,12,4,Root crop,1,1,1,4,0,0,0,1,0,0,0,0,0,0,0,0,1,1,1,1,0,0,0,0,1,1,1,1
Betterave botte,597,,Field,Cool,9M,8,11,11,no,12,11,Root crop,1,1,1,4,0,0,0,0,0,0,0,0,0,0,1,0,0,0,0,0,0,0,0,1,1,1,1,0
Betterave botte,596,,Field,Cool,9M,5,7,8,no,12,8,Root crop,2,2,1,8,0,0,0,0,0,0,1,1,0,0,0,0,0,0,0,0,1,1,1,1,0,0,0,0
Bette,594,,Tunnel,Cool,9M,9,10,12,no,12,12,Cooked green,3,3,1,12,0,0,0,0,0,0,0,0,0,1,1,1,0,0,0,0,0,0,0,0,1,1,1,1
Bette,593,,Tunnel,Cool,9M,3,6,9,no,12,9,Cooked green,4,4,1,16,0,0,0,0,0,1,1,1,1,0,0,0,0,0,1,1,1,1,1,1,1,0,0,0
Bette,592,,Field,Cool,9M,7,9,10,no,12,10,Cooked green,2,2,1,8,0,0,0,0,0,0,0,0,1,1,0,0,0,0,0,0,0,0,1,1,1,1,0,0
Bette,591,,Field,Cool,9M,4,6,9,no,12,9,Cooked green,4,4,1,16,0,0,0,0,0,1,1,1,1,0,0,0,0,0,0,1,1,1,1,1,1,0,0,0
Aubergine,590,,Tunnel,Cool,9M,5,8,10,no,12,10,Fruit crop,3,3,2,12,0,0,0,0,0,0,0,1,1,1,0,0,0,0,0,0,1,1,1,1,1,1,0,0
Aubergine,589,,Tunnel,Cool,9M,6,7,9,no,12,9,Fruit crop,3,3,2,12,0,0,0,0,0,0,1,1,1,0,0,0,0,0,0,0,0,1,1,1,1,0,0,0
Aromatique,588,,Tunnel,Cool,9M,9,11,12,no,12,12,Condiment crop,5,5,1,20,0,0,0,0,0,0,0,0,0,0,1,1,0,0,0,0,0,0,0,0,1,1,1,1
Aromatique,587,,Tunnel,Cool,9M,4,6,11,no,12,11,Condiment crop,6,6,1,24,0,0,0,0,0,1,1,1,1,1,1,0,0,0,0,1,1,1,1,1,1,1,1,0
Aromatique,586,,Field,Cool,9M,6,9,10,no,12,10,Condiment crop,2,2,1,8,0,0,0,0,0,0,0,0,1,1,0,0,0,0,0,0,0,1,1,1,1,1,0,0
Aromatique,585,,Field,Cool,9M,5,8,10,no,12,10,Condiment crop,3,3,1,12,0,0,0,0,0,0,0,1,1,1,0,0,0,0,0,0,1,1,1,1,1,1,0,0
Aromatique,584,,Field,Cool,9M,4,5,10,no,12,10,Condiment crop,6,6,1,24,0,0,0,0,1,1,1,1,1,1,0,0,0,0,0,1,1,1,1,1,1,1,0,0
Ail conservation,583,,Tunnel,Cool,9M,9,5,7,yes,12,12,Condiment crop,3,8,1,32,0,0,0,0,1,1,1,1,1,1,1,1,1,1,1,1,1,1,1,0,1,1,1,1
Ail conservation,582,,Field,Cool,9M,10,7,7,yes,12,12,Condiment crop,1,6,1,24,0,0,0,0,0,0,1,1,1,1,1,1,1,1,1,1,1,1,1,0,0,1,1,1
Ail conservation,581,,Field,Cool,9M,3,7,7,yes,12,12,Condiment crop,1,6,1,24,0,0,0,0,0,0,1,1,1,1,1,1,0,0,1,1,1,1,1,0,0,0,0,0
Ail botte,580,,Tunnel,Cool,9M,11,4,5,no,12,5,Condiment crop,3,3,1,12,0,0,0,1,1,0,0,0,0,0,0,0,1,1,1,1,1,0,0,0,0,0,1,1
Tomate classique,579,,Tunnel,Mild,12M,6,8,10,no,4,10,Tomato,3,3,1,12,0,0,0,0,0,0,0,1,1,1,0,0,0,0,0,0,0,1,1,1,1,1,0,0
Tomate classique,578,,Tunnel,Mild,12M,5,7,10,no,4,10,Tomato,4,4,1,16,0,0,0,0,0,0,1,1,1,1,0,0,0,0,0,0,1,1,1,1,1,1,0,0
Tomate classique,577,,Tunnel,Mild,12M,4,7,10,no,4,10,Tomato,4,4,1,16,0,0,0,0,0,0,1,1,1,1,0,0,0,0,0,1,1,1,1,1,1,1,0,0
Tomate classique,576,,Tunnel,Mild,12M,4,6,10,no,4,10,Tomato,5,5,1,20,0,0,0,0,0,1,1,1,1,1,0,0,0,0,0,1,1,1,1,1,1,1,0,0
Tomate cerise,575,,Tunnel,Mild,12M,5,7,10,no,4,10,Tomato,4,4,1,16,0,0,0,0,0,0,1,1,1,1,0,0,0,0,0,0,1,1,1,1,1,1,0,0
Tomate cerise,574,,Tunnel,Mild,12M,4,6,10,no,4,10,Tomato,5,5,1,20,0,0,0,0,0,1,1,1,1,1,0,0,0,0,0,1,1,1,1,1,1,1,0,0
Tomate cerise,573,,Tunnel,Mild,12M,3,6,10,no,4,10,Tomato,5,5,1,20,0,0,0,0,0,1,1,1,1,1,0,0,0,0,1,1,1,1,1,1,1,1,0,0
Tomate ancienne,572,,Tunnel,Mild,12M,6,8,10,no,4,10,Tomato,3,3,1,12,0,0,0,0,0,0,0,1,1,1,0,0,0,0,0,0,0,1,1,1,1,1,0,0
Tomate ancienne,571,,Tunnel,Mild,12M,5,8,11,no,4,11,Tomato,4,4,1,16,0,0,0,0,0,0,0,1,1,1,1,0,0,0,0,0,1,1,1,1,1,1,1,0
Tomate ancienne,570,,Tunnel,Mild,12M,3,7,9,no,4,9,Tomato,3,3,1,12,0,0,0,0,0,0,1,1,1,0,0,0,0,0,1,1,1,1,1,1,1,0,0,0
Tomate ancienne,569,,Tunnel,Mild,12M,5,7,10,no,4,10,Tomato,4,4,1,16,0,0,0,0,0,0,1,1,1,1,0,0,0,0,0,0,1,1,1,1,1,1,0,0
Tomate ancienne,568,,Tunnel,Mild,12M,4,6,10,no,4,10,Tomato,5,5,1,20,0,0,0,0,0,1,1,1,1,1,0,0,0,0,0,1,1,1,1,1,1,1,0,0
Salade,567,,Tunnel,Mild,12M,10,12,12,no,4,12,Raw green,1,1,1,4,0,0,0,0,0,0,0,0,0,0,0,1,0,0,0,0,0,0,0,0,0,1,1,1
Salade,566,,Tunnel,Mild,12M,9,10,11,no,4,11,Raw green,2,2,1,8,0,0,0,0,0,0,0,0,0,1,1,0,0,0,0,0,0,0,0,0,1,1,1,0
Salade,565,,Tunnel,Mild,12M,4,6,6,no,4,6,Raw green,1,1,1,4,0,0,0,0,0,1,0,0,0,0,0,0,0,0,0,1,1,1,0,0,0,0,0,0
Salade,564,,Tunnel,Mild,12M,3,5,5,no,4,5,Raw green,1,1,1,4,0,0,0,0,1,0,0,0,0,0,0,0,0,0,1,1,1,0,0,0,0,0,0,0
Salade,563,,Tunnel,Mild,12M,2,5,5,no,4,5,Raw green,1,1,1,4,0,0,0,0,1,0,0,0,0,0,0,0,0,1,1,1,1,0,0,0,0,0,0,0
Salade,562,,Tunnel,Mild,12M,12,3,3,no,4,3,Raw green,1,1,1,4,0,0,1,0,0,0,0,0,0,0,0,0,1,1,1,0,0,0,0,0,0,0,0,1
Salade,561,,Tunnel,Mild,12M,2,3,3,no,4,3,Raw green,1,1,1,4,0,0,1,0,0,0,0,0,0,0,0,0,0,1,1,0,0,0,0,0,0,0,0,0
Salade,560,,Tunnel,Mild,12M,12,3,4,no,4,4,Raw green,2,2,1,8,0,0,1,1,0,0,0,0,0,0,0,0,1,1,1,1,0,0,0,0,0,0,0,1
Salade,559,,Tunnel,Mild,12M,2,3,4,no,4,4,Raw green,2,2,1,8,0,0,1,1,0,0,0,0,0,0,0,0,0,1,1,1,0,0,0,0,0,0,0,0
Salade,558,,Tunnel,Mild,12M,11,2,2,no,4,2,Raw green,1,1,1,4,0,1,0,0,0,0,0,0,0,0,0,0,1,1,0,0,0,0,0,0,0,0,1,1
Salade,557,,Tunnel,Mild,12M,10,1,1,no,4,1,Raw green,1,1,1,4,1,0,0,0,0,0,0,0,0,0,0,0,1,0,0,0,0,0,0,0,0,1,1,1
Salade,556,,Tunnel,Mild,12M,11,1,2,no,4,2,Raw green,2,2,1,8,1,1,0,0,0,0,0,0,0,0,0,0,1,1,0,0,0,0,0,0,0,0,1,1
Salade,555,,Field,Mild,12M,9,11,11,no,4,11,Raw green,1,1,1,4,0,0,0,0,0,0,0,0,0,0,1,0,0,0,0,0,0,0,0,0,1,1,1,0
Salade,554,,Field,Mild,12M,8,10,10,no,4,10,Raw green,1,1,1,4,0,0,0,0,0,0,0,0,0,1,0,0,0,0,0,0,0,0,0,1,1,1,0,0
Salade,553,,Field,Mild,12M,7,9,9,no,4,9,Raw green,1,1,1,4,0,0,0,0,0,0,0,0,1,0,0,0,0,0,0,0,0,0,1,1,1,0,0,0
Salade,552,,Field,Mild,12M,8,9,10,no,4,10,Raw green,2,2,1,8,0,0,0,0,0,0,0,0,1,1,0,0,0,0,0,0,0,0,0,1,1,1,0,0
Salade,551,,Field,Mild,12M,6,8,8,no,4,8,Raw green,1,1,1,4,0,0,0,0,0,0,0,1,0,0,0,0,0,0,0,0,0,1,1,1,0,0,0,0
Salade,550,,Field,Mild,12M,6,7,7,no,4,7,Raw green,1,1,1,4,0,0,0,0,0,0,1,0,0,0,0,0,0,0,0,0,0,1,1,0,0,0,0,0
Salade,549,,Field,Mild,12M,5,7,7,no,4,7,Raw green,1,1,1,4,0,0,0,0,0,0,1,0,0,0,0,0,0,0,0,0,1,1,1,0,0,0,0,0
Salade,548,,Field,Mild,12M,6,7,8,no,4,8,Raw green,2,2,1,8,0,0,0,0,0,0,1,1,0,0,0,0,0,0,0,0,0,1,1,1,0,0,0,0
Salade,547,,Field,Mild,12M,4,6,6,no,4,6,Raw green,1,1,1,4,0,0,0,0,0,1,0,0,0,0,0,0,0,0,0,1,1,1,0,0,0,0,0,0
Salade,546,,Field,Mild,12M,5,6,7,no,4,7,Raw green,2,2,1,8,0,0,0,0,0,1,1,0,0,0,0,0,0,0,0,0,1,1,1,0,0,0,0,0
Salade,545,,Field,Mild,12M,3,5,5,no,4,5,Raw green,1,1,1,4,0,0,0,0,1,0,0,0,0,0,0,0,0,0,1,1,1,0,0,0,0,0,0,0
Rutabaga,544,,Field,Mild,12M,9,1,4,yes,4,4,Root crop,4,4,1,16,1,1,1,1,0,0,0,0,0,0,0,0,1,1,1,1,0,0,0,0,1,1,1,1
Radis conservation,543,,Tunnel,Mild,12M,10,12,2,yes,4,4,Root crop,3,5,1,20,1,1,1,1,0,0,0,0,0,0,0,1,1,1,0,0,0,0,0,0,0,1,1,1
Radis conservation,542,,Field,Mild,12M,7,10,12,yes,4,4,Root crop,3,7,1,28,1,1,1,1,0,0,0,0,0,1,1,1,0,0,0,0,0,0,1,1,1,1,1,1
Radis conservation,541,,Field,Mild,12M,7,10,10,yes,4,4,Root crop,1,7,1,28,1,1,1,1,0,0,0,0,0,1,1,1,0,0,0,0,0,0,1,1,1,1,0,0
Radis conservation,540,,Field,Mild,12M,6,9,11,yes,4,4,Root crop,3,8,1,32,1,1,1,1,0,0,0,0,1,1,1,1,0,0,0,0,0,1,1,1,1,1,1,0
Radis botte,539,,Tunnel,Mild,12M,9,11,11,no,4,11,Root crop,1,1,1,4,0,0,0,0,0,0,0,0,0,0,1,0,0,0,0,0,0,0,0,0,1,1,1,0
Radis botte,538,,Tunnel,Mild,12M,3,4,4,no,4,4,Root crop,1,1,1,4,0,0,0,1,0,0,0,0,0,0,0,0,0,0,1,1,0,0,0,0,0,0,0,0
Radis botte,537,,Tunnel,Mild,12M,2,4,4,no,4,4,Root crop,1,1,1,4,0,0,0,1,0,0,0,0,0,0,0,0,0,1,1,1,0,0,0,0,0,0,0,0
Radis botte,536,,Tunnel,Mild,12M,12,3,3,no,4,3,Root crop,1,1,1,4,0,0,1,0,0,0,0,0,0,0,0,0,1,1,1,0,0,0,0,0,0,0,0,1
Radis botte,535,,Tunnel,Mild,12M,1,3,3,no,4,3,Root crop,1,1,1,4,0,0,1,0,0,0,0,0,0,0,0,0,1,1,1,0,0,0,0,0,0,0,0,0
Radis botte,534,,Tunnel,Mild,12M,2,3,4,no,4,4,Root crop,2,2,1,8,0,0,1,1,0,0,0,0,0,0,0,0,0,1,1,1,0,0,0,0,0,0,0,0
Radis botte,533,,Tunnel,Mild,12M,12,2,3,no,4,3,Root crop,2,2,1,8,0,1,1,0,0,0,0,0,0,0,0,0,1,1,1,0,0,0,0,0,0,0,0,1
Radis botte,532,,Field,Mild,12M,9,10,11,no,4,11,Root crop,2,2,1,8,0,0,0,0,0,0,0,0,0,1,1,0,0,0,0,0,0,0,0,0,1,1,1,0
Radis botte,531,,Field,Mild,12M,8,9,9,no,4,9,Root crop,1,1,1,4,0,0,0,0,0,0,0,0,1,0,0,0,0,0,0,0,0,0,0,1,1,0,0,0
Radis botte,530,,Field,Mild,12M,6,7,7,no,4,7,Root crop,1,1,1,4,0,0,0,0,0,0,1,0,0,0,0,0,0,0,0,0,0,1,1,0,0,0,0,0
Radis botte,529,,Field,Mild,12M,5,6,6,no,4,6,Root crop,1,1,1,4,0,0,0,0,0,1,0,0,0,0,0,0,0,0,0,0,1,1,0,0,0,0,0,0
Radis botte,528,,Field,Mild,12M,4,5,5,no,4,5,Root crop,1,1,1,4,0,0,0,0,1,0,0,0,0,0,0,0,0,0,0,1,1,0,0,0,0,0,0,0
Radis botte,527,,Field,Mild,12M,4,5,6,no,4,6,Root crop,2,2,1,8,0,0,0,0,1,1,0,0,0,0,0,0,0,0,0,1,1,1,0,0,0,0,0,0
Radis botte,526,,Field,Mild,12M,3,4,4,no,4,4,Root crop,1,1,1,4,0,0,0,1,0,0,0,0,0,0,0,0,0,0,1,1,0,0,0,0,0,0,0,0
Pomme de terre primeur,525,,Tunnel,Mild,12M,2,6,6,no,4,6,Potato,1,1,1,4,0,0,0,0,0,1,0,0,0,0,0,0,0,1,1,1,1,1,0,0,0,0,0,0
Pomme de terre primeur,524,,Tunnel,Mild,12M,1,5,5,no,4,5,Potato,1,1,1,4,0,0,0,0,1,0,0,0,0,0,0,0,1,1,1,1,1,0,0,0,0,0,0,0
Pomme de terre primeur,523,,Tunnel,Mild,12M,2,5,6,no,4,6,Potato,2,2,1,8,0,0,0,0,1,1,0,0,0,0,0,0,0,1,1,1,1,1,0,0,0,0,0,0
Pomme de terre primeur,522,,Tunnel,Mild,12M,1,4,4,no,4,4,Potato,1,1,1,4,0,0,0,1,0,0,0,0,0,0,0,0,1,1,1,1,0,0,0,0,0,0,0,0
Pomme de terre primeur,521,,Tunnel,Mild,12M,1,4,5,no,4,5,Potato,2,2,1,8,0,0,0,1,1,0,0,0,0,0,0,0,1,1,1,1,1,0,0,0,0,0,0,0
Pomme de terre primeur,520,,Tunnel,Mild,12M,12,3,3,no,4,3,Potato,1,1,2,4,0,0,1,0,0,0,0,0,0,0,0,0,1,1,1,0,0,0,0,0,0,0,0,1
Pomme de terre primeur,519,,Field,Mild,12M,3,6,8,no,4,8,Potato,3,3,1,12,0,0,0,0,0,1,1,1,0,0,0,0,0,0,1,1,1,1,1,1,0,0,0,0
Pomme de terre primeur,518,,Field,Mild,12M,2,5,7,no,4,7,Potato,3,3,1,12,0,0,0,0,1,1,1,0,0,0,0,0,0,1,1,1,1,1,1,0,0,0,0,0
Pomme de terre conservation,517,,Field,Mild,12M,5,10,11,yes,4,4,Potato,2,7,1,28,1,1,1,1,0,0,0,0,0,1,1,1,0,0,0,0,1,1,1,1,1,1,1,0
Pomme de terre conservation,516,,Field,Mild,12M,4,9,10,yes,4,4,Potato,2,8,1,32,1,1,1,1,0,0,0,0,1,1,1,1,0,0,0,1,1,1,1,1,1,1,0,0
Pomme de terre conservation,515,,Field,Mild,12M,4,9,9,yes,4,4,Potato,1,8,1,32,1,1,1,1,0,0,0,0,1,1,1,1,0,0,0,1,1,1,1,1,1,0,0,0
Pomme de terre conservation,514,,Field,Mild,12M,3,9,9,yes,4,4,Potato,1,8,1,32,1,1,1,1,0,0,0,0,1,1,1,1,0,0,1,1,1,1,1,1,1,0,0,0
Poivron,513,,Tunnel,Mild,12M,5,9,11,no,4,11,Fruit crop,3,3,2,12,0,0,0,0,0,0,0,0,1,1,1,0,0,0,0,0,1,1,1,1,1,1,1,0
Poivron,512,,Tunnel,Mild,12M,5,7,10,no,4,10,Fruit crop,4,4,2,16,0,0,0,0,0,0,1,1,1,1,0,0,0,0,0,0,1,1,1,1,1,1,0,0
Poivron,511,,Tunnel,Mild,12M,4,7,10,no,4,10,Fruit crop,4,4,2,16,0,0,0,0,0,0,1,1,1,1,0,0,0,0,0,1,1,1,1,1,1,1,0,0
Poivron,510,,Tunnel,Mild,12M,4,6,8,no,4,8,Fruit crop,3,3,2,12,0,0,0,0,0,1,1,1,0,0,0,0,0,0,0,1,1,1,1,1,0,0,0,0
Pois,509,,Tunnel,Mild,12M,2,5,5,no,4,5,Fruit crop,1,1,1,4,0,0,0,0,1,0,0,0,0,0,0,0,0,1,1,1,1,0,0,0,0,0,0,0
Pois,508,,Tunnel,Mild,12M,11,4,5,no,4,5,Fruit crop,2,2,1,8,0,0,0,1,1,0,0,0,0,0,0,0,1,1,1,1,1,0,0,0,0,0,1,1
Pois,507,,Field,Mild,12M,4,6,7,no,4,7,Fruit crop,2,2,1,8,0,0,0,0,0,1,1,0,0,0,0,0,0,0,0,1,1,1,1,0,0,0,0,0
Pois,506,,Field,Mild,12M,5,5,6,no,4,6,Fruit crop,2,2,1,8,0,0,0,0,1,1,0,0,0,0,0,0,0,0,0,0,1,1,0,0,0,0,0,0
Pois,505,,Field,Mild,12M,3,5,6,no,4,6,Fruit crop,2,2,1,8,0,0,0,0,1,1,0,0,0,0,0,0,0,0,1,1,1,1,0,0,0,0,0,0
Pois,504,,Field,Mild,12M,2,5,6,no,4,6,Fruit crop,2,2,1,8,0,0,0,0,1,1,0,0,0,0,0,0,0,1,1,1,1,1,0,0,0,0,0,0
Poireau,503,,Field,Mild,12M,7,12,3,no,4,3,Cooked green,4,4,1,16,1,1,1,0,0,0,0,0,0,0,0,1,1,1,1,0,0,0,1,1,1,1,1,1
Poireau,502,,Field,Mild,12M,7,11,2,no,4,2,Cooked green,4,4,1,16,1,1,0,0,0,0,0,0,0,0,1,1,1,1,0,0,0,0,1,1,1,1,1,1
Poireau,501,,Field,Mild,12M,5,10,11,no,4,11,Cooked green,2,2,1,8,0,0,0,0,0,0,0,0,0,1,1,0,0,0,0,0,1,1,1,1,1,1,1,0
Poireau,500,,Field,Mild,12M,6,10,12,no,4,12,Cooked green,3,3,1,12,0,0,0,0,0,0,0,0,0,1,1,1,0,0,0,0,0,1,1,1,1,1,1,1
Poireau,499,,Field,Mild,12M,4,8,10,no,4,10,Cooked green,3,3,1,12,0,0,0,0,0,0,0,1,1,1,0,0,0,0,0,1,1,1,1,1,1,1,0,0
Poireau,498,,Field,Mild,12M,3,7,10,no,4,10,Cooked green,4,4,1,16,0,0,0,0,0,0,1,1,1,1,0,0,0,0,1,1,1,1,1,1,1,1,0,0
Poireau,497,,Field,Mild,12M,6,1,4,no,4,4,Cooked green,4,4,1,16,1,1,1,1,0,0,0,0,0,0,0,0,1,1,1,1,0,1,1,1,1,1,1,1
Piment,496,,Tunnel,Mild,12M,5,7,10,yes,4,4,Condiment crop,4,10,1,40,1,1,1,1,0,0,1,1,1,1,1,1,0,0,0,0,1,1,1,1,1,1,0,0
Panais,495,,Field,Mild,12M,4,11,12,yes,4,4,Root crop,2,6,1,24,1,1,1,1,0,0,0,0,0,0,1,1,0,0,0,1,1,1,1,1,1,1,1,1
Panais,494,,Field,Mild,12M,5,10,3,yes,4,4,Root crop,6,7,1,28,1,1,1,1,0,0,0,0,0,1,1,1,1,1,1,0,1,1,1,1,1,1,1,1
Oignon conservation,493,,Field,Mild,12M,3,9,9,yes,4,4,Condiment crop,1,8,1,32,1,1,1,1,0,0,0,0,1,1,1,1,0,0,1,1,1,1,1,1,1,0,0,0
Oignon conservation,492,,Field,Mild,12M,2,8,8,yes,4,4,Condiment crop,1,9,1,36,1,1,1,1,0,0,0,1,1,1,1,1,0,1,1,1,1,1,1,1,0,0,0,0
Oignon conservation,491,,Field,Mild,12M,3,7,12,yes,4,4,Condiment crop,6,10,1,40,1,1,1,1,0,0,1,1,1,1,1,1,0,0,1,1,1,1,1,1,1,1,1,1
Oignon botte,490,,Tunnel,Mild,12M,3,5,6,no,4,6,Condiment crop,2,2,1,8,0,0,0,0,1,1,0,0,0,0,0,0,0,0,1,1,1,1,0,0,0,0,0,0
Oignon botte,489,,Tunnel,Mild,12M,10,4,4,no,4,4,Condiment crop,1,1,1,4,0,0,0,1,0,0,0,0,0,0,0,0,1,1,1,1,0,0,0,0,0,1,1,1
Oignon botte,488,,Tunnel,Mild,12M,10,4,5,no,4,5,Condiment crop,2,2,1,8,0,0,0,1,1,0,0,0,0,0,0,0,1,1,1,1,1,0,0,0,0,1,1,1
Oignon botte,487,,Field,Mild,12M,3,6,7,no,4,7,Condiment crop,2,2,1,8,0,0,0,0,0,1,1,0,0,0,0,0,0,0,1,1,1,1,1,0,0,0,0,0
Navet conservation,486,,Field,Mild,12M,9,11,12,yes,4,4,Root crop,2,6,1,24,1,1,1,1,0,0,0,0,0,0,1,1,0,0,0,0,0,0,0,0,1,1,1,1
Navet conservation,485,,Field,Mild,12M,8,11,11,yes,4,4,Root crop,1,6,1,24,1,1,1,1,0,0,0,0,0,0,1,1,0,0,0,0,0,0,0,1,1,1,1,0
Navet conservation,484,,Field,Mild,12M,8,10,11,yes,4,4,Root crop,2,7,1,28,1,1,1,1,0,0,0,0,0,1,1,1,0,0,0,0,0,0,0,1,1,1,1,0
Navet conservation,483,,Field,Mild,12M,7,10,11,yes,4,4,Root crop,2,7,1,28,1,1,1,1,0,0,0,0,0,1,1,1,0,0,0,0,0,0,1,1,1,1,1,0
Navet botte,482,,Tunnel,Mild,12M,3,5,5,no,4,5,Root crop,1,1,1,4,0,0,0,0,1,0,0,0,0,0,0,0,0,0,1,1,1,0,0,0,0,0,0,0
Navet botte,481,,Tunnel,Mild,12M,3,5,6,no,4,6,Root crop,2,2,1,8,0,0,0,0,1,1,0,0,0,0,0,0,0,0,1,1,1,1,0,0,0,0,0,0
Navet botte,480,,Tunnel,Mild,12M,2,4,5,no,4,5,Root crop,2,2,1,8,0,0,0,1,1,0,0,0,0,0,0,0,0,1,1,1,1,0,0,0,0,0,0,0
Navet botte,479,,Tunnel,Mild,12M,11,2,3,no,4,3,Root crop,2,2,1,8,0,1,1,0,0,0,0,0,0,0,0,0,1,1,1,0,0,0,0,0,0,0,1,1
Navet botte,478,,Field,Mild,12M,4,7,8,no,4,8,Root crop,2,2,1,8,0,0,0,0,0,0,1,1,0,0,0,0,0,0,0,1,1,1,1,1,0,0,0,0
Navet botte,477,,Field,Mild,12M,3,5,6,no,4,6,Root crop,2,2,1,8,0,0,0,0,1,1,0,0,0,0,0,0,0,0,1,1,1,1,0,0,0,0,0,0
Navet botte,476,,Field,Mild,12M,2,4,5,no,4,5,Root crop,2,2,1,8,0,0,0,1,1,0,0,0,0,0,0,0,0,1,1,1,1,0,0,0,0,0,0,0
Mesclun,475,,Tunnel,Mild,12M,10,12,1,no,4,1,Raw green,2,2,1,8,1,0,0,0,0,0,0,0,0,0,0,1,1,0,0,0,0,0,0,0,0,1,1,1
Mesclun,474,,Tunnel,Mild,12M,11,12,3,no,4,3,Raw green,4,4,1,16,1,1,1,0,0,0,0,0,0,0,0,1,1,1,1,0,0,0,0,0,0,0,1,1
Mesclun,473,,Tunnel,Mild,12M,10,12,3,no,4,3,Raw green,4,4,1,16,1,1,1,0,0,0,0,0,0,0,0,1,1,1,1,0,0,0,0,0,0,1,1,1
Mesclun,472,,Tunnel,Mild,12M,3,4,6,no,4,6,Raw green,3,3,1,12,0,0,0,1,1,1,0,0,0,0,0,0,0,0,1,1,1,1,0,0,0,0,0,0
Mesclun,471,,Tunnel,Mild,12M,1,3,5,no,4,5,Raw green,3,3,1,12,0,0,1,1,1,0,0,0,0,0,0,0,1,1,1,1,1,0,0,0,0,0,0,0
Mesclun,470,,Tunnel,Mild,12M,12,2,3,no,4,3,Raw green,2,2,1,8,0,1,1,0,0,0,0,0,0,0,0,0,1,1,1,0,0,0,0,0,0,0,0,1
Mesclun,469,,Tunnel,Mild,12M,1,2,3,no,4,3,Raw green,2,2,1,8,0,1,1,0,0,0,0,0,0,0,0,0,1,1,1,0,0,0,0,0,0,0,0,0
Mesclun,468,,Tunnel,Mild,12M,11,2,4,no,4,4,Raw green,3,3,1,12,0,1,1,1,0,0,0,0,0,0,0,0,1,1,1,1,0,0,0,0,0,0,1,1
Mesclun,467,,Field,Mild,12M,9,10,12,no,4,12,Raw green,3,3,1,12,0,0,0,0,0,0,0,0,0,1,1,1,0,0,0,0,0,0,0,0,1,1,1,1
Mesclun,466,,Field,Mild,12M,8,9,11,no,4,11,Raw green,3,3,1,12,0,0,0,0,0,0,0,0,1,1,1,0,0,0,0,0,0,0,0,1,1,1,1,0
Mesclun,465,,Field,Mild,12M,6,6,8,no,4,8,Raw green,3,3,1,12,0,0,0,0,0,1,1,1,0,0,0,0,0,0,0,0,0,1,1,1,0,0,0,0
Mesclun,464,,Field,Mild,12M,5,5,7,no,4,7,Raw green,3,3,1,12,0,0,0,0,1,1,1,0,0,0,0,0,0,0,0,0,1,1,1,0,0,0,0,0
Mesclun,463,,Field,Mild,12M,3,5,8,no,4,8,Raw green,4,4,1,16,0,0,0,0,1,1,1,1,0,0,0,0,0,0,1,1,1,1,1,1,0,0,0,0
Mesclun,462,,Field,Mild,12M,4,5,9,no,4,9,Raw green,5,5,1,20,0,0,0,0,1,1,1,1,1,0,0,0,0,0,0,1,1,1,1,1,1,0,0,0
Mesclun,461,,Field,Mild,12M,3,4,6,no,4,6,Raw green,3,3,1,12,0,0,0,1,1,1,0,0,0,0,0,0,0,0,1,1,1,1,0,0,0,0,0,0
Mesclun,460,,Field,Mild,12M,12,3,5,no,4,5,Raw green,3,3,1,12,0,0,1,1,1,0,0,0,0,0,0,0,1,1,1,1,1,0,0,0,0,0,0,1
Mesclun,459,,Field,Mild,12M,11,2,5,no,4,5,Raw green,4,4,1,16,0,1,1,1,1,0,0,0,0,0,0,0,1,1,1,1,1,0,0,0,0,0,1,1
Mesclun,458,,Field,Mild,12M,10,1,4,no,4,4,Raw green,4,4,1,16,1,1,1,1,0,0,0,0,0,0,0,0,1,1,1,1,0,0,0,0,0,1,1,1
Melon,457,,Tunnel,Mild,12M,5,8,9,no,4,9,Fruit crop,2,2,1,8,0,0,0,0,0,0,0,1,1,0,0,0,0,0,0,0,1,1,1,1,1,0,0,0
Melon,456,,Tunnel,Mild,12M,3,7,8,no,4,8,Fruit crop,2,2,1,8,0,0,0,0,0,0,1,1,0,0,0,0,0,0,1,1,1,1,1,1,0,0,0,0
Melon,455,,Tunnel,Mild,12M,5,7,9,no,4,9,Fruit crop,3,3,1,12,0,0,0,0,0,0,1,1,1,0,0,0,0,0,0,0,1,1,1,1,1,0,0,0
Melon,454,,Tunnel,Mild,12M,4,6,7,no,4,7,Fruit crop,2,2,1,8,0,0,0,0,0,1,1,0,0,0,0,0,0,0,0,1,1,1,1,0,0,0,0,0
Melon,453,,Tunnel,Mild,12M,3,6,7,no,4,7,Fruit crop,2,2,1,8,0,0,0,0,0,1,1,0,0,0,0,0,0,0,1,1,1,1,1,0,0,0,0,0
Mache-pourp,452,,Tunnel,Mild,12M,11,12,1,no,4,1,Raw green,2,2,1,8,1,0,0,0,0,0,0,0,0,0,0,1,1,0,0,0,0,0,0,0,0,0,1,1
Mache-pourp,451,,Tunnel,Mild,12M,10,12,2,no,4,2,Raw green,3,3,1,12,1,1,0,0,0,0,0,0,0,0,0,1,1,1,0,0,0,0,0,0,0,1,1,1
Mache-pourp,450,,Tunnel,Mild,12M,10,11,12,no,4,12,Raw green,2,2,1,8,0,0,0,0,0,0,0,0,0,0,1,1,0,0,0,0,0,0,0,0,0,1,1,1
Mache-pourp,449,,Tunnel,Mild,12M,9,10,11,no,4,11,Raw green,2,2,1,8,0,0,0,0,0,0,0,0,0,1,1,0,0,0,0,0,0,0,0,0,1,1,1,0
Mache-pourp,448,,Tunnel,Mild,12M,8,9,10,no,4,10,Raw green,2,2,1,8,0,0,0,0,0,0,0,0,1,1,0,0,0,0,0,0,0,0,0,1,1,1,0,0
Mache-pourp,447,,Tunnel,Mild,12M,4,5,5,no,4,5,Raw green,1,1,1,4,0,0,0,0,1,0,0,0,0,0,0,0,0,0,0,1,1,0,0,0,0,0,0,0
Mache-pourp,446,,Tunnel,Mild,12M,3,4,4,no,4,4,Raw green,1,1,1,4,0,0,0,1,0,0,0,0,0,0,0,0,0,0,1,1,0,0,0,0,0,0,0,0
Mache-pourp,445,,Tunnel,Mild,12M,1,3,3,no,4,3,Raw green,1,1,1,4,0,0,1,0,0,0,0,0,0,0,0,0,1,1,1,0,0,0,0,0,0,0,0,0
Mache-pourp,444,,Tunnel,Mild,12M,2,3,4,no,4,4,Raw green,2,2,1,8,0,0,1,1,0,0,0,0,0,0,0,0,0,1,1,1,0,0,0,0,0,0,0,0
Mache-pourp,443,,Tunnel,Mild,12M,12,2,2,no,4,2,Raw green,1,1,1,4,0,1,0,0,0,0,0,0,0,0,0,0,1,1,0,0,0,0,0,0,0,0,0,1
Mache-pourp,442,,Tunnel,Mild,12M,11,1,1,no,4,1,Raw green,1,1,1,4,1,0,0,0,0,0,0,0,0,0,0,0,1,0,0,0,0,0,0,0,0,0,1,1
Mache-pourp,441,,Tunnel,Mild,12M,11,1,3,no,4,3,Raw green,3,3,1,12,1,1,1,0,0,0,0,0,0,0,0,0,1,1,1,0,0,0,0,0,0,0,1,1
Mache-pourp,440,,Field,Mild,12M,8,11,12,no,4,12,Raw green,2,2,1,8,0,0,0,0,0,0,0,0,0,0,1,1,0,0,0,0,0,0,0,1,1,1,1,1
Mache-pourp,439,,Field,Mild,12M,9,10,11,no,4,11,Raw green,2,2,1,8,0,0,0,0,0,0,0,0,0,1,1,0,0,0,0,0,0,0,0,0,1,1,1,0
Mache-pourp,438,,Field,Mild,12M,2,4,4,no,4,4,Raw green,1,1,1,4,0,0,0,1,0,0,0,0,0,0,0,0,0,1,1,1,0,0,0,0,0,0,0,0
Mache-pourp,437,,Field,Mild,12M,10,1,1,no,4,1,Raw green,1,1,1,4,1,0,0,0,0,0,0,0,0,0,0,0,1,0,0,0,0,0,0,0,0,1,1,1
Haricot,436,,Tunnel,Mild,12M,7,9,10,no,4,10,Fruit crop,2,2,2,8,0,0,0,0,0,0,0,0,1,1,0,0,0,0,0,0,0,0,1,1,1,1,0,0
Haricot,435,,Tunnel,Mild,12M,7,8,10,no,4,10,Fruit crop,3,3,2,12,0,0,0,0,0,0,0,1,1,1,0,0,0,0,0,0,0,0,1,1,1,1,0,0
Haricot,434,,Tunnel,Mild,12M,4,7,9,no,4,9,Fruit crop,3,3,2,12,0,0,0,0,0,0,1,1,1,0,0,0,0,0,0,1,1,1,1,1,1,0,0,0
Haricot,433,,Tunnel,Mild,12M,3,6,7,no,4,7,Fruit crop,2,2,2,8,0,0,0,0,0,1,1,0,0,0,0,0,0,0,1,1,1,1,1,0,0,0,0,0
Haricot,432,,Field,Mild,12M,7,9,9,no,4,9,Fruit crop,1,1,2,4,0,0,0,0,0,0,0,0,1,0,0,0,0,0,0,0,0,0,1,1,1,0,0,0
Haricot,431,,Field,Mild,12M,5,8,9,no,4,9,Fruit crop,2,2,2,8,0,0,0,0,0,0,0,1,1,0,0,0,0,0,0,0,1,1,1,1,1,0,0,0
Haricot,430,,Field,Mild,12M,5,8,10,no,4,10,Fruit crop,3,3,2,12,0,0,0,0,0,0,0,1,1,1,0,0,0,0,0,0,1,1,1,1,1,1,0,0
Haricot,429,,Field,Mild,12M,4,7,9,no,4,9,Fruit crop,3,3,2,12,0,0,0,0,0,0,1,1,1,0,0,0,0,0,0,1,1,1,1,1,1,0,0,0
Haricot,428,,Field,Mild,12M,4,6,6,no,4,6,Fruit crop,1,1,2,4,0,0,0,0,0,1,0,0,0,0,0,0,0,0,0,1,1,1,0,0,0,0,0,0
Haricot,427,,Field,Mild,12M,3,6,8,no,4,8,Fruit crop,3,3,2,12,0,0,0,0,0,1,1,1,0,0,0,0,0,0,1,1,1,1,1,1,0,0,0,0
Fraise,426,,Field,Mild,12M,9,5,10,no,4,10,Fruit crop,5,5,1,20,0,0,0,0,1,1,1,1,1,1,0,0,0,0,0,0,0,0,0,0,1,1,0,0
Feve,425,,Tunnel,Mild,12M,10,2,5,no,4,5,Fruit crop,4,4,1,16,0,1,1,1,1,0,0,0,0,0,0,0,1,1,1,1,1,0,0,0,0,1,1,1
Feve,424,,Field,Mild,12M,2,7,7,no,4,7,Fruit crop,1,1,1,4,0,0,0,0,0,0,1,0,0,0,0,0,0,1,1,1,1,1,1,0,0,0,0,0
Feve,423,,Field,Mild,12M,2,6,7,no,4,7,Fruit crop,2,2,1,8,0,0,0,0,0,1,1,0,0,0,0,0,0,1,1,1,1,1,1,0,0,0,0,0
Fenouil,422,,Tunnel,Mild,12M,9,11,1,no,4,1,Cooked green,3,3,1,12,1,0,0,0,0,0,0,0,0,0,1,1,1,0,0,0,0,0,0,0,1,1,1,1
Fenouil,421,,Tunnel,Mild,12M,4,6,6,no,4,6,Cooked green,1,1,1,4,0,0,0,0,0,1,0,0,0,0,0,0,0,0,0,1,1,1,0,0,0,0,0,0
Fenouil,420,,Tunnel,Mild,12M,3,5,5,no,4,5,Cooked green,1,1,1,4,0,0,0,0,1,0,0,0,0,0,0,0,0,0,1,1,1,0,0,0,0,0,0,0
Fenouil,419,,Field,Mild,12M,6,9,9,no,4,9,Cooked green,1,1,1,4,0,0,0,0,0,0,0,0,1,0,0,0,0,0,0,0,0,1,1,1,1,0,0,0
Fenouil,418,,Field,Mild,12M,7,9,10,no,4,10,Cooked green,2,2,1,8,0,0,0,0,0,0,0,0,1,1,0,0,0,0,0,0,0,0,1,1,1,1,0,0
Fenouil,417,,Field,Mild,12M,4,7,8,no,4,8,Cooked green,2,2,1,8,0,0,0,0,0,0,1,1,0,0,0,0,0,0,0,1,1,1,1,1,0,0,0,0
Epinard,416,,Tunnel,Mild,12M,10,12,1,no,4,1,Cooked green,2,2,1,8,1,0,0,0,0,0,0,0,0,0,0,1,1,0,0,0,0,0,0,0,0,1,1,1
Epinard,415,,Tunnel,Mild,12M,10,11,2,no,4,2,Cooked green,4,4,1,16,1,1,0,0,0,0,0,0,0,0,1,1,1,1,0,0,0,0,0,0,0,1,1,1
Epinard,414,,Tunnel,Mild,12M,9,10,12,no,4,12,Cooked green,3,3,1,12,0,0,0,0,0,0,0,0,0,1,1,1,0,0,0,0,0,0,0,0,1,1,1,1
Epinard,413,,Tunnel,Mild,12M,10,4,4,no,4,4,Cooked green,1,1,1,4,0,0,0,1,0,0,0,0,0,0,0,0,1,1,1,1,0,0,0,0,0,1,1,1
Epinard,412,,Tunnel,Mild,12M,10,1,2,no,4,2,Cooked green,2,2,1,8,1,1,0,0,0,0,0,0,0,0,0,0,1,1,0,0,0,0,0,0,0,1,1,1
Epinard,411,,Tunnel,Mild,12M,11,1,3,no,4,3,Cooked green,3,3,1,12,1,1,1,0,0,0,0,0,0,0,0,0,1,1,1,0,0,0,0,0,0,0,1,1
Epinard,410,,Field,Mild,12M,9,10,11,no,4,11,Cooked green,2,2,1,8,0,0,0,0,0,0,0,0,0,1,1,0,0,0,0,0,0,0,0,0,1,1,1,0
Epinard,409,,Field,Mild,12M,7,9,9,no,4,9,Cooked green,1,1,1,4,0,0,0,0,0,0,0,0,1,0,0,0,0,0,0,0,0,0,1,1,1,0,0,0
Epinard,408,,Field,Mild,12M,4,5,6,no,4,6,Cooked green,2,2,1,8,0,0,0,0,1,1,0,0,0,0,0,0,0,0,0,1,1,1,0,0,0,0,0,0
Epinard,407,,Field,Mild,12M,9,3,3,no,4,3,Cooked green,1,1,1,4,0,0,1,0,0,0,0,0,0,0,0,0,1,1,1,0,0,0,0,0,1,1,1,1
Epinard,406,,Field,Mild,12M,9,1,2,no,4,2,Cooked green,2,2,1,8,1,1,0,0,0,0,0,0,0,0,0,0,1,1,0,0,0,0,0,0,1,1,1,1
Endive,405,,Field,Mild,12M,5,11,11,no,4,11,Raw green,1,3,1,12,0,0,0,0,0,0,0,0,0,0,1,0,0,0,0,0,1,1,1,1,1,1,1,0
Endive,404,,Field,Mild,12M,4,10,10,no,4,10,Raw green,1,3,1,12,0,0,0,0,0,0,0,0,0,1,0,0,0,0,0,1,1,1,1,1,1,1,0,0
Echalote,403,,Tunnel,Mild,12M,2,5,6,yes,4,4,Condiment crop,2,12,1,48,1,1,1,1,1,1,1,1,1,1,1,1,0,1,1,1,1,1,0,0,0,0,0,0
Echalote,402,,Field,Mild,12M,3,10,10,yes,4,4,Condiment crop,1,7,1,28,1,1,1,1,0,0,0,0,0,1,1,1,0,0,1,1,1,1,1,1,1,1,0,0
Echalote,401,,Field,Mild,12M,2,8,8,yes,4,4,Condiment crop,1,9,1,36,1,1,1,1,0,0,0,1,1,1,1,1,0,1,1,1,1,1,1,1,0,0,0,0
Echalote,400,,Field,Mild,12M,4,7,9,yes,4,4,Condiment crop,3,10,1,40,1,1,1,1,0,0,1,1,1,1,1,1,0,0,0,1,1,1,1,1,1,0,0,0
Echalote,399,,Field,Mild,12M,3,6,8,yes,4,4,Condiment crop,3,11,1,44,1,1,1,1,0,1,1,1,1,1,1,1,0,0,1,1,1,1,1,1,0,0,0,0
Courgette,398,,Tunnel,Mild,12M,8,9,11,no,4,11,Fruit crop,3,3,4,12,0,0,0,0,0,0,0,0,1,1,1,0,0,0,0,0,0,0,0,1,1,1,1,0
Courgette,397,,Tunnel,Mild,12M,4,6,10,no,4,10,Fruit crop,5,5,4,20,0,0,0,0,0,1,1,1,1,1,0,0,0,0,0,1,1,1,1,1,1,1,0,0
Courgette,396,,Tunnel,Mild,12M,3,5,7,no,4,7,Fruit crop,3,3,4,12,0,0,0,0,1,1,1,0,0,0,0,0,0,0,1,1,1,1,1,0,0,0,0,0
Courgette,395,,Tunnel,Mild,12M,3,5,8,no,4,8,Fruit crop,4,4,4,16,0,0,0,0,1,1,1,1,0,0,0,0,0,0,1,1,1,1,1,1,0,0,0,0
Courgette,394,,Field,Mild,12M,6,9,10,no,4,10,Fruit crop,2,2,4,8,0,0,0,0,0,0,0,0,1,1,0,0,0,0,0,0,0,1,1,1,1,1,0,0
Courgette,393,,Field,Mild,12M,5,7,10,no,4,10,Fruit crop,4,4,4,16,0,0,0,0,0,0,1,1,1,1,0,0,0,0,0,0,1,1,1,1,1,1,0,0
Courgette,392,,Field,Mild,12M,4,6,9,no,4,9,Fruit crop,4,4,4,16,0,0,0,0,0,1,1,1,1,0,0,0,0,0,0,1,1,1,1,1,1,0,0,0
Courgette,391,,Field,Mild,12M,4,5,6,no,4,6,Fruit crop,2,2,4,8,0,0,0,0,1,1,0,0,0,0,0,0,0,0,0,1,1,1,0,0,0,0,0,0
Courge,390,,Field,Mild,12M,5,9,10,yes,4,4,Fruit crop,2,8,1,32,1,1,1,1,0,0,0,0,1,1,1,1,0,0,0,0,1,1,1,1,1,1,0,0
Courge,389,,Field,Mild,12M,4,9,10,yes,4,4,Fruit crop,2,8,1,32,1,1,1,1,0,0,0,0,1,1,1,1,0,0,0,1,1,1,1,1,1,1,0,0
Courge,388,,Field,Mild,12M,5,8,11,yes,4,4,Fruit crop,4,9,1,36,1,1,1,1,0,0,0,1,1,1,1,1,0,0,0,0,1,1,1,1,1,1,1,0
Courge,387,,Field,Mild,12M,5,8,10,yes,4,4,Fruit crop,3,9,1,36,1,1,1,1,0,0,0,1,1,1,1,1,0,0,0,0,1,1,1,1,1,1,0,0
Concombre,386,,Tunnel,Mild,12M,6,8,10,no,4,10,Fruit crop,3,3,4,12,0,0,0,0,0,0,0,1,1,1,0,0,0,0,0,0,0,1,1,1,1,1,0,0
Concombre,385,,Tunnel,Mild,12M,5,7,9,no,4,9,Fruit crop,3,3,4,12,0,0,0,0,0,0,1,1,1,0,0,0,0,0,0,0,1,1,1,1,1,0,0,0
Concombre,384,,Tunnel,Mild,12M,4,7,9,no,4,9,Fruit crop,3,3,4,12,0,0,0,0,0,0,1,1,1,0,0,0,0,0,0,1,1,1,1,1,1,0,0,0
Concombre,383,,Tunnel,Mild,12M,5,7,10,no,4,10,Fruit crop,4,4,4,16,0,0,0,0,0,0,1,1,1,1,0,0,0,0,0,0,1,1,1,1,1,1,0,0
Concombre,382,,Tunnel,Mild,12M,4,7,10,no,4,10,Fruit crop,4,4,4,16,0,0,0,0,0,0,1,1,1,1,0,0,0,0,0,1,1,1,1,1,1,1,0,0
Concombre,381,,Tunnel,Mild,12M,4,6,8,no,4,8,Fruit crop,3,3,4,12,0,0,0,0,0,1,1,1,0,0,0,0,0,0,0,1,1,1,1,1,0,0,0,0
Concombre,380,,Field,Mild,12M,5,8,9,no,4,9,Fruit crop,2,2,4,8,0,0,0,0,0,0,0,1,1,0,0,0,0,0,0,0,1,1,1,1,1,0,0,0
Concombre,379,,Field,Mild,12M,6,7,9,no,4,9,Fruit crop,3,3,4,12,0,0,0,0,0,0,1,1,1,0,0,0,0,0,0,0,0,1,1,1,1,0,0,0
Chou rave,378,,Tunnel,Mild,12M,12,4,5,no,4,5,Cooked green,2,2,1,8,0,0,0,1,1,0,0,0,0,0,0,0,1,1,1,1,1,0,0,0,0,0,0,1
Chou rave,377,,Tunnel,Mild,12M,2,4,5,no,4,5,Cooked green,2,2,1,8,0,0,0,1,1,0,0,0,0,0,0,0,0,1,1,1,1,0,0,0,0,0,0,0
Chou rave,376,,Field,Mild,12M,4,7,7,no,4,7,Cooked green,1,1,1,4,0,0,0,0,0,0,1,0,0,0,0,0,0,0,0,1,1,1,1,0,0,0,0,0
Chou rave,375,,Field,Mild,12M,3,7,8,no,4,8,Cooked green,2,2,1,8,0,0,0,0,0,0,1,1,0,0,0,0,0,0,1,1,1,1,1,1,0,0,0,0
Chou rave,374,,Field,Mild,12M,3,5,7,no,4,7,Cooked green,3,3,1,12,0,0,0,0,1,1,1,0,0,0,0,0,0,0,1,1,1,1,1,0,0,0,0,0
Chou kale,373,,Field,Mild,12M,7,11,2,no,4,2,Cooked green,4,4,1,16,1,1,0,0,0,0,0,0,0,0,1,1,1,1,0,0,0,0,1,1,1,1,1,1
Chou fleur,372,,Tunnel,Mild,12M,3,6,6,no,4,6,Cooked green,1,1,1,4,0,0,0,0,0,1,0,0,0,0,0,0,0,0,1,1,1,1,0,0,0,0,0,0
Chou fleur,371,,Field,Mild,12M,8,11,11,no,4,11,Cooked green,1,1,1,4,0,0,0,0,0,0,0,0,0,0,1,0,0,0,0,0,0,0,0,1,1,1,1,0
Chou fleur,370,,Field,Mild,12M,6,11,12,no,4,12,Cooked green,2,2,1,8,0,0,0,0,0,0,0,0,0,0,1,1,0,0,0,0,0,1,1,1,1,1,1,1
Chou fleur,369,,Field,Mild,12M,7,10,10,no,4,10,Cooked green,1,1,1,4,0,0,0,0,0,0,0,0,0,1,0,0,0,0,0,0,0,0,1,1,1,1,0,0
Chou fleur,368,,Field,Mild,12M,6,10,1,no,4,1,Cooked green,4,4,1,16,1,0,0,0,0,0,0,0,0,1,1,1,1,0,0,0,0,1,1,1,1,1,1,1
Chou fleur,367,,Field,Mild,12M,6,9,9,no,4,9,Cooked green,1,1,1,4,0,0,0,0,0,0,0,0,1,0,0,0,0,0,0,0,0,1,1,1,1,0,0,0
Chou fleur,366,,Field,Mild,12M,3,7,9,no,4,9,Cooked green,3,3,1,12,0,0,0,0,0,0,1,1,1,0,0,0,0,0,1,1,1,1,1,1,1,0,0,0
Chou fleur,365,,Field,Mild,12M,8,3,4,no,4,4,Cooked green,2,2,1,8,0,0,1,1,0,0,0,0,0,0,0,0,1,1,1,1,0,0,0,1,1,1,1,1
Chou de Bruxelles,364,,Field,Mild,12M,4,11,11,no,4,11,Cooked green,1,1,1,4,0,0,0,0,0,0,0,0,0,0,1,0,0,0,0,1,1,1,1,1,1,1,1,0
Chou chinois,363,,Tunnel,Mild,12M,3,4,5,no,4,5,Cooked green,2,2,1,8,0,0,0,1,1,0,0,0,0,0,0,0,0,0,1,1,1,0,0,0,0,0,0,0
Chou chinois,362,,Tunnel,Mild,12M,2,3,4,no,4,4,Cooked green,2,2,1,8,0,0,1,1,0,0,0,0,0,0,0,0,0,1,1,1,0,0,0,0,0,0,0,0
Chou chinois,361,,Field,Mild,12M,8,10,10,no,4,10,Cooked green,1,1,1,4,0,0,0,0,0,0,0,0,0,1,0,0,0,0,0,0,0,0,0,1,1,1,0,0
Chou chinois,360,,Field,Mild,12M,5,6,7,no,4,7,Cooked green,2,2,1,8,0,0,0,0,0,1,1,0,0,0,0,0,0,0,0,0,1,1,1,0,0,0,0,0
Chou,359,,Tunnel,Mild,12M,2,5,6,no,4,6,Cooked green,2,2,1,8,0,0,0,0,1,1,0,0,0,0,0,0,0,1,1,1,1,1,0,0,0,0,0,0
Chou,358,,Tunnel,Mild,12M,12,4,5,no,4,5,Cooked green,2,2,1,8,0,0,0,1,1,0,0,0,0,0,0,0,1,1,1,1,1,0,0,0,0,0,0,1
Chou,357,,Field,Mild,12M,6,12,2,no,4,2,Cooked green,3,3,1,12,1,1,0,0,0,0,0,0,0,0,0,1,1,1,0,0,0,1,1,1,1,1,1,1
Chou,356,,Field,Mild,12M,8,12,4,no,4,4,Cooked green,5,5,1,20,1,1,1,1,0,0,0,0,0,0,0,1,1,1,1,1,0,0,0,1,1,1,1,1
Chou,355,,Field,Mild,12M,7,11,12,no,4,12,Cooked green,2,2,1,8,0,0,0,0,0,0,0,0,0,0,1,1,0,0,0,0,0,0,1,1,1,1,1,1
Chou,354,,Field,Mild,12M,5,9,9,no,4,9,Cooked green,1,1,1,4,0,0,0,0,0,0,0,0,1,0,0,0,0,0,0,0,1,1,1,1,1,0,0,0
Chou,353,,Field,Mild,12M,4,9,9,no,4,9,Cooked green,1,1,1,4,0,0,0,0,0,0,0,0,1,0,0,0,0,0,0,1,1,1,1,1,1,0,0,0
Chou,352,,Field,Mild,12M,5,9,10,no,4,10,Cooked green,2,2,1,8,0,0,0,0,0,0,0,0,1,1,0,0,0,0,0,0,1,1,1,1,1,1,0,0
Chou,351,,Field,Mild,12M,5,9,11,no,4,11,Cooked green,3,3,1,12,0,0,0,0,0,0,0,0,1,1,1,0,0,0,0,0,1,1,1,1,1,1,1,0
Chicoree,350,,Field,Mild,12M,9,10,11,no,4,11,Raw green,2,2,1,8,0,0,0,0,0,0,0,0,0,1,1,0,0,0,0,0,0,0,0,0,1,1,1,0
Chicoree,349,,Field,Mild,12M,8,10,11,no,4,11,Raw green,2,2,1,8,0,0,0,0,0,0,0,0,0,1,1,0,0,0,0,0,0,0,0,1,1,1,1,0
Chicoree,348,,Field,Mild,12M,8,9,10,no,4,10,Raw green,2,2,1,8,0,0,0,0,0,0,0,0,1,1,0,0,0,0,0,0,0,0,0,1,1,1,0,0
Chicoree,347,,Field,Mild,12M,5,7,9,no,4,9,Raw green,3,3,1,12,0,0,0,0,0,0,1,1,1,0,0,0,0,0,0,0,1,1,1,1,1,0,0,0
Celeri rave,346,,Tunnel,Mild,12M,10,3,3,yes,4,4,Root crop,1,2,1,8,0,0,1,1,0,0,0,0,0,0,0,0,1,1,1,0,0,0,0,0,0,1,1,1
Celeri rave,345,,Field,Mild,12M,4,11,12,yes,4,4,Root crop,2,6,1,24,1,1,1,1,0,0,0,0,0,0,1,1,0,0,0,1,1,1,1,1,1,1,1,1
Celeri rave,344,,Field,Mild,12M,5,10,11,yes,4,4,Root crop,2,7,1,28,1,1,1,1,0,0,0,0,0,1,1,1,0,0,0,0,1,1,1,1,1,1,1,0
Celeri rave,343,,Field,Mild,12M,3,10,11,yes,4,4,Root crop,2,7,1,28,1,1,1,1,0,0,0,0,0,1,1,1,0,0,1,1,1,1,1,1,1,1,1,0
Celeri rave,342,,Field,Mild,12M,5,9,12,yes,4,4,Root crop,4,8,1,32,1,1,1,1,0,0,0,0,1,1,1,1,0,0,0,0,1,1,1,1,1,1,1,1
Celeri branche,341,,Field,Mild,12M,7,12,12,no,4,12,Cooked green,1,1,1,4,0,0,0,0,0,0,0,0,0,0,0,1,0,0,0,0,0,0,1,1,1,1,1,1
Celeri branche,340,,Field,Mild,12M,4,7,7,no,4,7,Cooked green,1,1,1,4,0,0,0,0,0,0,1,0,0,0,0,0,0,0,0,1,1,1,1,0,0,0,0,0
Carotte conservation,339,,Field,Mild,12M,7,11,1,yes,4,4,Carrot,3,6,1,24,1,1,1,1,0,0,0,0,0,0,1,1,1,0,0,0,0,0,1,1,1,1,1,1
Carotte conservation,338,,Field,Mild,12M,6,11,12,yes,4,4,Carrot,2,6,1,24,1,1,1,1,0,0,0,0,0,0,1,1,0,0,0,0,0,1,1,1,1,1,1,1
Carotte conservation,337,,Field,Mild,12M,6,11,3,yes,4,4,Carrot,5,6,1,24,1,1,1,1,0,0,0,0,0,0,1,1,1,1,1,0,0,1,1,1,1,1,1,1
Carotte conservation,336,,Field,Mild,12M,5,11,11,yes,4,4,Carrot,1,6,1,24,1,1,1,1,0,0,0,0,0,0,1,1,0,0,0,0,1,1,1,1,1,1,1,0
Carotte conservation,335,,Field,Mild,12M,5,10,12,yes,4,4,Carrot,3,7,1,28,1,1,1,1,0,0,0,0,0,1,1,1,0,0,0,0,1,1,1,1,1,1,1,1
Carotte conservation,334,,Field,Mild,12M,5,10,3,yes,4,4,Carrot,6,7,1,28,1,1,1,1,0,0,0,0,0,1,1,1,1,1,1,0,1,1,1,1,1,1,1,1
Carotte conservation,333,,Field,Mild,12M,3,10,10,yes,4,4,Carrot,1,7,1,28,1,1,1,1,0,0,0,0,0,1,1,1,0,0,1,1,1,1,1,1,1,1,0,0
Carotte botte,332,,Field,Mild,12M,5,9,10,no,4,10,Carrot,2,2,1,8,0,0,0,0,0,0,0,0,1,1,0,0,0,0,0,0,1,1,1,1,1,1,0,0
Carotte botte,331,,Field,Mild,12M,4,9,9,no,4,9,Carrot,1,1,1,4,0,0,0,0,0,0,0,0,1,0,0,0,0,0,0,1,1,1,1,1,1,0,0,0
Carotte botte,330,,Field,Mild,12M,4,7,10,no,4,10,Carrot,4,4,1,16,0,0,0,0,0,0,1,1,1,1,0,0,0,0,0,1,1,1,1,1,1,1,0,0
Carotte botte,329,,Tunnel,Mild,12M,11,5,5,no,4,5,Carrot,1,1,1,4,0,0,0,0,1,0,0,0,0,0,0,0,1,1,1,1,1,0,0,0,0,0,1,1
Carotte botte,328,,Tunnel,Mild,12M,2,5,6,no,4,6,Carrot,2,2,1,8,0,0,0,0,1,1,0,0,0,0,0,0,0,1,1,1,1,1,0,0,0,0,0,0
Carotte botte,327,,Tunnel,Mild,12M,10,4,4,no,4,4,Carrot,1,1,1,4,0,0,0,1,0,0,0,0,0,0,0,0,1,1,1,1,0,0,0,0,0,1,1,1
Carotte botte,326,,Field,Mild,12M,3,6,7,no,4,7,Carrot,2,2,1,8,0,0,0,0,0,1,1,0,0,0,0,0,0,0,1,1,1,1,1,0,0,0,0,0
Brocoli,325,,Tunnel,Mild,12M,2,5,6,no,4,6,Cooked green,2,2,1,8,0,0,0,0,1,1,0,0,0,0,0,0,0,1,1,1,1,1,0,0,0,0,0,0
Brocoli,324,,Field,Mild,12M,9,12,12,no,4,12,Cooked green,1,1,1,4,0,0,0,0,0,0,0,0,0,0,0,1,0,0,0,0,0,0,0,0,1,1,1,1
Brocoli,323,,Field,Mild,12M,8,11,11,no,4,11,Cooked green,1,1,1,4,0,0,0,0,0,0,0,0,0,0,1,0,0,0,0,0,0,0,0,1,1,1,1,0
Brocoli,322,,Field,Mild,12M,7,10,11,no,4,11,Cooked green,2,2,1,8,0,0,0,0,0,0,0,0,0,1,1,0,0,0,0,0,0,0,1,1,1,1,1,0
Brocoli,321,,Field,Mild,12M,6,9,12,no,4,12,Cooked green,4,4,1,16,0,0,0,0,0,0,0,0,1,1,1,1,0,0,0,0,0,1,1,1,1,1,1,1
Brocoli,320,,Field,Mild,12M,5,8,9,no,4,9,Cooked green,2,2,1,8,0,0,0,0,0,0,0,1,1,0,0,0,0,0,0,0,1,1,1,1,1,0,0,0
Brocoli,319,,Field,Mild,12M,3,7,8,no,4,8,Cooked green,2,2,1,8,0,0,0,0,0,0,1,1,0,0,0,0,0,0,1,1,1,1,1,1,0,0,0,0
Betterave conservation,318,,Field,Mild,12M,7,9,11,yes,4,4,Root crop,3,8,1,32,1,1,1,1,0,0,0,0,1,1,1,1,0,0,0,0,0,0,1,1,1,1,1,0
Betterave conservation,317,,Field,Mild,12M,6,8,10,yes,4,4,Root crop,3,9,1,36,1,1,1,1,0,0,0,1,1,1,1,1,0,0,0,0,0,1,1,1,1,1,0,0
Betterave botte,316,,Tunnel,Mild,12M,4,7,7,no,4,7,Root crop,1,1,1,4,0,0,0,0,0,0,1,0,0,0,0,0,0,0,0,1,1,1,1,0,0,0,0,0
Betterave botte,315,,Tunnel,Mild,12M,3,5,6,no,4,6,Root crop,2,2,1,8,0,0,0,0,1,1,0,0,0,0,0,0,0,0,1,1,1,1,0,0,0,0,0,0
Betterave botte,314,,Tunnel,Mild,12M,12,4,5,no,4,5,Root crop,2,2,1,8,0,0,0,1,1,0,0,0,0,0,0,0,1,1,1,1,1,0,0,0,0,0,0,1
Betterave botte,313,,Field,Mild,12M,4,7,8,no,4,8,Root crop,2,2,1,8,0,0,0,0,0,0,1,1,0,0,0,0,0,0,0,1,1,1,1,1,0,0,0,0
Betterave botte,312,,Field,Mild,12M,5,7,9,no,4,9,Root crop,3,3,1,12,0,0,0,0,0,0,1,1,1,0,0,0,0,0,0,0,1,1,1,1,1,0,0,0
Betterave botte,311,,Field,Mild,12M,3,6,6,no,4,6,Root crop,1,1,1,4,0,0,0,0,0,1,0,0,0,0,0,0,0,0,1,1,1,1,0,0,0,0,0,0
Betterave botte,310,,Field,Mild,12M,1,5,6,no,4,6,Root crop,2,2,1,8,0,0,0,0,1,1,0,0,0,0,0,0,1,1,1,1,1,1,0,0,0,0,0,0
Bette,309,,Tunnel,Mild,12M,10,11,2,no,4,2,Cooked green,4,4,1,16,1,1,0,0,0,0,0,0,0,0,1,1,1,1,0,0,0,0,0,0,0,1,1,1
Bette,308,,Tunnel,Mild,12M,9,11,3,no,4,3,Cooked green,5,5,1,20,1,1,1,0,0,0,0,0,0,0,1,1,1,1,1,0,0,0,0,0,1,1,1,1
Bette,307,,Tunnel,Mild,12M,10,1,4,no,4,4,Cooked green,4,4,1,16,1,1,1,1,0,0,0,0,0,0,0,0,1,1,1,1,0,0,0,0,0,1,1,1
Bette,306,,Field,Mild,12M,7,9,9,no,4,9,Cooked green,1,1,1,4,0,0,0,0,0,0,0,0,1,0,0,0,0,0,0,0,0,0,1,1,1,0,0,0
Bette,305,,Field,Mild,12M,4,6,8,no,4,8,Cooked green,3,3,1,12,0,0,0,0,0,1,1,1,0,0,0,0,0,0,0,1,1,1,1,1,0,0,0,0
Bette,304,,Field,Mild,12M,3,5,6,no,4,6,Cooked green,2,2,1,8,0,0,0,0,1,1,0,0,0,0,0,0,0,0,1,1,1,1,0,0,0,0,0,0
Aubergine,303,,Tunnel,Mild,12M,5,7,10,no,4,10,Fruit crop,4,4,2,16,0,0,0,0,0,0,1,1,1,1,0,0,0,0,0,0,1,1,1,1,1,1,0,0
Aubergine,302,,Tunnel,Mild,12M,4,6,10,no,4,10,Fruit crop,5,5,2,20,0,0,0,0,0,1,1,1,1,1,0,0,0,0,0,1,1,1,1,1,1,1,0,0
Aromatique,301,,Tunnel,Mild,12M,9,12,3,no,4,3,Condiment crop,4,4,1,16,1,1,1,0,0,0,0,0,0,0,0,1,1,1,1,0,0,0,0,0,1,1,1,1
Aromatique,300,,Tunnel,Mild,12M,5,9,10,no,4,10,Condiment crop,2,2,1,8,0,0,0,0,0,0,0,0,1,1,0,0,0,0,0,0,1,1,1,1,1,1,0,0
Aromatique,299,,Tunnel,Mild,12M,4,6,10,no,4,10,Condiment crop,5,5,1,20,0,0,0,0,0,1,1,1,1,1,0,0,0,0,0,1,1,1,1,1,1,1,0,0
Aromatique,298,,Tunnel,Mild,12M,3,5,9,no,4,9,Condiment crop,5,5,1,20,0,0,0,0,1,1,1,1,1,0,0,0,0,0,1,1,1,1,1,1,1,0,0,0
Aromatique,297,,Field,Mild,12M,4,7,9,no,4,9,Condiment crop,3,3,1,12,0,0,0,0,0,0,1,1,1,0,0,0,0,0,0,1,1,1,1,1,1,0,0,0
Ail conservation,296,,Tunnel,Mild,12M,1,6,6,yes,4,4,Condiment crop,1,11,1,44,1,1,1,1,0,1,1,1,1,1,1,1,1,1,1,1,1,1,0,0,0,0,0,0
Ail conservation,295,,Tunnel,Mild,12M,10,5,5,yes,4,4,Condiment crop,1,12,1,48,1,1,1,1,1,1,1,1,1,1,1,1,1,1,1,1,1,0,0,0,0,1,1,1
Ail conservation,294,,Field,Mild,12M,2,8,8,yes,4,4,Condiment crop,1,9,1,36,1,1,1,1,0,0,0,1,1,1,1,1,0,1,1,1,1,1,1,1,0,0,0,0
Ail conservation,293,,Field,Mild,12M,11,6,6,yes,4,4,Condiment crop,1,11,1,44,1,1,1,1,0,1,1,1,1,1,1,1,1,1,1,1,1,1,0,0,0,0,1,1
Ail botte,292,,Tunnel,Mild,12M,11,3,5,no,4,5,Condiment crop,3,3,1,12,0,0,1,1,1,0,0,0,0,0,0,0,1,1,1,1,1,0,0,0,0,0,1,1
Tomate classique,291,,Tunnel,Cool,12M,5,9,10,no,4,10,Tomato,2,2,1,8,0,0,0,0,0,0,0,0,1,1,0,0,0,0,0,0,1,1,1,1,1,1,0,0
Tomate classique,290,,Tunnel,Cool,12M,5,7,10,no,4,10,Tomato,4,4,1,16,0,0,0,0,0,0,1,1,1,1,0,0,0,0,0,0,1,1,1,1,1,1,0,0
Tomate cerise,289,,Tunnel,Cool,12M,5,8,9,no,4,9,Tomato,2,2,1,8,0,0,0,0,0,0,0,1,1,0,0,0,0,0,0,0,1,1,1,1,1,0,0,0
Tomate cerise,288,,Tunnel,Cool,12M,4,8,10,no,4,10,Tomato,3,3,1,12,0,0,0,0,0,0,0,1,1,1,0,0,0,0,0,1,1,1,1,1,1,1,0,0
Tomate cerise,287,,Tunnel,Cool,12M,3,7,9,no,4,9,Tomato,3,3,1,12,0,0,0,0,0,0,1,1,1,0,0,0,0,0,1,1,1,1,1,1,1,0,0,0
Tomate cerise,286,,Tunnel,Cool,12M,6,7,10,no,4,10,Tomato,4,4,1,16,0,0,0,0,0,0,1,1,1,1,0,0,0,0,0,0,0,1,1,1,1,1,0,0
Tomate cerise,285,,Tunnel,Cool,12M,4,7,10,no,4,10,Tomato,4,4,1,16,0,0,0,0,0,0,1,1,1,1,0,0,0,0,0,1,1,1,1,1,1,1,0,0
Tomate ancienne,284,,Tunnel,Cool,12M,5,8,10,no,4,10,Tomato,3,3,1,12,0,0,0,0,0,0,0,1,1,1,0,0,0,0,0,0,1,1,1,1,1,1,0,0
Tomate ancienne,283,,Tunnel,Cool,12M,4,8,10,no,4,10,Tomato,3,3,1,12,0,0,0,0,0,0,0,1,1,1,0,0,0,0,0,1,1,1,1,1,1,1,0,0
Tomate ancienne,282,,Tunnel,Cool,12M,6,7,10,no,4,10,Tomato,4,4,1,16,0,0,0,0,0,0,1,1,1,1,0,0,0,0,0,0,0,1,1,1,1,1,0,0
Tomate ancienne,281,,Tunnel,Cool,12M,4,7,10,no,4,10,Tomato,4,4,1,16,0,0,0,0,0,0,1,1,1,1,0,0,0,0,0,1,1,1,1,1,1,1,0,0
Salade,280,,Tunnel,Cool,12M,11,12,12,no,4,12,Raw green,1,1,1,4,0,0,0,0,0,0,0,0,0,0,0,1,0,0,0,0,0,0,0,0,0,0,1,1
Salade,279,,Tunnel,Cool,12M,10,11,11,no,4,11,Raw green,1,1,1,4,0,0,0,0,0,0,0,0,0,0,1,0,0,0,0,0,0,0,0,0,0,1,1,0
Salade,278,,Tunnel,Cool,12M,9,10,10,no,4,10,Raw green,1,1,1,4,0,0,0,0,0,0,0,0,0,1,0,0,0,0,0,0,0,0,0,0,1,1,0,0
Salade,277,,Tunnel,Cool,12M,9,10,11,no,4,11,Raw green,2,2,1,8,0,0,0,0,0,0,0,0,0,1,1,0,0,0,0,0,0,0,0,0,1,1,1,0
Salade,276,,Tunnel,Cool,12M,9,9,9,no,4,9,Raw green,1,1,1,4,0,0,0,0,0,0,0,0,1,0,0,0,0,0,0,0,0,0,0,0,1,0,0,0
Salade,275,,Tunnel,Cool,12M,7,8,9,no,4,9,Raw green,2,2,1,8,0,0,0,0,0,0,0,1,1,0,0,0,0,0,0,0,0,0,1,1,1,0,0,0
Salade,274,,Tunnel,Cool,12M,8,8,10,no,4,10,Raw green,3,3,1,12,0,0,0,0,0,0,0,1,1,1,0,0,0,0,0,0,0,0,0,1,1,1,0,0
Salade,273,,Tunnel,Cool,12M,5,7,7,no,4,7,Raw green,1,1,1,4,0,0,0,0,0,0,1,0,0,0,0,0,0,0,0,0,1,1,1,0,0,0,0,0
Salade,272,,Tunnel,Cool,12M,6,7,8,no,4,8,Raw green,2,2,1,8,0,0,0,0,0,0,1,1,0,0,0,0,0,0,0,0,0,1,1,1,0,0,0,0
Salade,271,,Tunnel,Cool,12M,4,6,6,no,4,6,Raw green,1,1,1,4,0,0,0,0,0,1,0,0,0,0,0,0,0,0,0,1,1,1,0,0,0,0,0,0
Salade,270,,Tunnel,Cool,12M,5,6,7,no,4,7,Raw green,2,2,1,8,0,0,0,0,0,1,1,0,0,0,0,0,0,0,0,0,1,1,1,0,0,0,0,0
Salade,269,,Tunnel,Cool,12M,4,5,5,no,4,5,Raw green,1,1,1,4,0,0,0,0,1,0,0,0,0,0,0,0,0,0,0,1,1,0,0,0,0,0,0,0
Salade,268,,Tunnel,Cool,12M,3,5,5,no,4,5,Raw green,1,1,1,4,0,0,0,0,1,0,0,0,0,0,0,0,0,0,1,1,1,0,0,0,0,0,0,0
Salade,267,,Tunnel,Cool,12M,4,5,6,no,4,6,Raw green,2,2,1,8,0,0,0,0,1,1,0,0,0,0,0,0,0,0,0,1,1,1,0,0,0,0,0,0
Salade,266,,Tunnel,Cool,12M,12,4,4,no,4,4,Raw green,1,1,1,4,0,0,0,1,0,0,0,0,0,0,0,0,1,1,1,1,0,0,0,0,0,0,0,1
Salade,265,,Tunnel,Cool,12M,10,4,4,no,4,4,Raw green,1,1,1,4,0,0,0,1,0,0,0,0,0,0,0,0,1,1,1,1,0,0,0,0,0,1,1,1
Salade,264,,Tunnel,Cool,12M,3,4,5,no,4,5,Raw green,2,2,1,8,0,0,0,1,1,0,0,0,0,0,0,0,0,0,1,1,1,0,0,0,0,0,0,0
Salade,263,,Tunnel,Cool,12M,9,3,4,no,4,4,Raw green,2,2,1,8,0,0,1,1,0,0,0,0,0,0,0,0,1,1,1,1,0,0,0,0,1,1,1,1
Salade,262,,Tunnel,Cool,12M,10,1,1,no,4,1,Raw green,1,1,1,4,1,0,0,0,0,0,0,0,0,0,0,0,1,0,0,0,0,0,0,0,0,1,1,1
Salade,261,,Field,Cool,12M,9,12,12,no,4,12,Raw green,1,1,1,4,0,0,0,0,0,0,0,0,0,0,0,1,0,0,0,0,0,0,0,0,1,1,1,1
Salade,260,,Field,Cool,12M,10,11,11,no,4,11,Raw green,1,1,1,4,0,0,0,0,0,0,0,0,0,0,1,0,0,0,0,0,0,0,0,0,0,1,1,0
Salade,259,,Field,Cool,12M,9,10,10,no,4,10,Raw green,1,1,1,4,0,0,0,0,0,0,0,0,0,1,0,0,0,0,0,0,0,0,0,0,1,1,0,0
Salade,258,,Field,Cool,12M,8,10,10,no,4,10,Raw green,1,1,1,4,0,0,0,0,0,0,0,0,0,1,0,0,0,0,0,0,0,0,0,1,1,1,0,0
Salade,257,,Field,Cool,12M,8,9,9,no,4,9,Raw green,1,1,1,4,0,0,0,0,0,0,0,0,1,0,0,0,0,0,0,0,0,0,0,1,1,0,0,0
Salade,256,,Field,Cool,12M,7,9,9,no,4,9,Raw green,1,1,1,4,0,0,0,0,0,0,0,0,1,0,0,0,0,0,0,0,0,0,1,1,1,0,0,0
Salade,255,,Field,Cool,12M,7,8,8,no,4,8,Raw green,1,1,1,4,0,0,0,0,0,0,0,1,0,0,0,0,0,0,0,0,0,0,1,1,0,0,0,0
Salade,254,,Field,Cool,12M,6,8,8,no,4,8,Raw green,1,1,1,4,0,0,0,0,0,0,0,1,0,0,0,0,0,0,0,0,0,1,1,1,0,0,0,0
Salade,253,,Field,Cool,12M,5,8,8,no,4,8,Raw green,1,1,1,4,0,0,0,0,0,0,0,1,0,0,0,0,0,0,0,0,1,1,1,1,0,0,0,0
Salade,252,,Field,Cool,12M,6,8,9,no,4,9,Raw green,2,2,1,8,0,0,0,0,0,0,0,1,1,0,0,0,0,0,0,0,0,1,1,1,1,0,0,0
Salade,251,,Field,Cool,12M,6,7,7,no,4,7,Raw green,1,1,1,4,0,0,0,0,0,0,1,0,0,0,0,0,0,0,0,0,0,1,1,0,0,0,0,0
Salade,250,,Field,Cool,12M,5,7,7,no,4,7,Raw green,1,1,1,4,0,0,0,0,0,0,1,0,0,0,0,0,0,0,0,0,1,1,1,0,0,0,0,0
Salade,249,,Field,Cool,12M,4,7,7,no,4,7,Raw green,1,1,1,4,0,0,0,0,0,0,1,0,0,0,0,0,0,0,0,1,1,1,1,0,0,0,0,0
Salade,248,,Field,Cool,12M,5,6,6,no,4,6,Raw green,1,1,1,4,0,0,0,0,0,1,0,0,0,0,0,0,0,0,0,0,1,1,0,0,0,0,0,0
Salade,247,,Field,Cool,12M,4,5,5,no,4,5,Raw green,1,1,1,4,0,0,0,0,1,0,0,0,0,0,0,0,0,0,0,1,1,0,0,0,0,0,0,0
Rutabaga,246,,Field,Cool,12M,5,10,11,yes,4,4,Root crop,2,7,1,28,1,1,1,1,0,0,0,0,0,1,1,1,0,0,0,0,1,1,1,1,1,1,1,0
Rutabaga,245,,Field,Cool,12M,9,1,4,yes,4,4,Root crop,4,4,1,16,1,1,1,1,0,0,0,0,0,0,0,0,1,1,1,1,0,0,0,0,1,1,1,1
Radis conservation,244,,Tunnel,Cool,12M,8,10,12,yes,4,4,Root crop,3,7,1,28,1,1,1,1,0,0,0,0,0,1,1,1,0,0,0,0,0,0,0,1,1,1,1,1
Radis conservation,243,,Tunnel,Cool,12M,9,1,2,yes,4,4,Root crop,2,4,1,16,1,1,1,1,0,0,0,0,0,0,0,0,1,1,0,0,0,0,0,0,1,1,1,1
Radis conservation,242,,Field,Cool,12M,8,11,1,yes,4,4,Root crop,3,6,1,24,1,1,1,1,0,0,0,0,0,0,1,1,1,0,0,0,0,0,0,1,1,1,1,1
Radis conservation,241,,Field,Cool,12M,8,10,10,yes,4,4,Root crop,1,7,1,28,1,1,1,1,0,0,0,0,0,1,1,1,0,0,0,0,0,0,0,1,1,1,0,0
Radis conservation,240,,Field,Cool,12M,7,10,10,yes,4,4,Root crop,1,7,1,28,1,1,1,1,0,0,0,0,0,1,1,1,0,0,0,0,0,0,1,1,1,1,0,0
Radis conservation,239,,Field,Cool,12M,3,5,5,yes,4,4,Root crop,1,1,1,4,1,1,1,1,1,1,1,1,1,1,1,1,0,0,1,1,1,0,0,0,0,0,0,0
Radis botte,238,,Tunnel,Cool,12M,10,12,3,no,4,3,Root crop,4,4,1,16,1,1,1,0,0,0,0,0,0,0,0,1,1,1,1,0,0,0,0,0,0,1,1,1
Radis botte,237,,Tunnel,Cool,12M,9,11,12,no,4,12,Root crop,2,2,1,8,0,0,0,0,0,0,0,0,0,0,1,1,0,0,0,0,0,0,0,0,1,1,1,1
Radis botte,236,,Tunnel,Cool,12M,9,10,10,no,4,10,Root crop,1,1,1,4,0,0,0,0,0,0,0,0,0,1,0,0,0,0,0,0,0,0,0,0,1,1,0,0
Radis botte,235,,Tunnel,Cool,12M,7,8,8,no,4,8,Root crop,1,1,1,4,0,0,0,0,0,0,0,1,0,0,0,0,0,0,0,0,0,0,1,1,0,0,0,0
Radis botte,234,,Tunnel,Cool,12M,5,6,6,no,4,6,Root crop,1,1,1,4,0,0,0,0,0,1,0,0,0,0,0,0,0,0,0,0,1,1,0,0,0,0,0,0
Radis botte,233,,Tunnel,Cool,12M,4,5,5,no,4,5,Root crop,1,1,1,4,0,0,0,0,1,0,0,0,0,0,0,0,0,0,0,1,1,0,0,0,0,0,0,0
Radis botte,232,,Tunnel,Cool,12M,3,5,5,no,4,5,Root crop,1,1,1,4,0,0,0,0,1,0,0,0,0,0,0,0,0,0,1,1,1,0,0,0,0,0,0,0
Radis botte,231,,Tunnel,Cool,12M,3,4,4,no,4,4,Root crop,1,1,1,4,0,0,0,1,0,0,0,0,0,0,0,0,0,0,1,1,0,0,0,0,0,0,0,0
Radis botte,230,,Tunnel,Cool,12M,2,4,4,no,4,4,Root crop,1,1,1,4,0,0,0,1,0,0,0,0,0,0,0,0,0,1,1,1,0,0,0,0,0,0,0,0
Radis botte,229,,Tunnel,Cool,12M,10,3,4,no,4,4,Root crop,2,2,1,8,0,0,1,1,0,0,0,0,0,0,0,0,1,1,1,1,0,0,0,0,0,1,1,1
Radis botte,228,,Field,Cool,12M,8,12,1,no,4,1,Root crop,2,2,1,8,1,0,0,0,0,0,0,0,0,0,0,1,1,0,0,0,0,0,0,1,1,1,1,1
Radis botte,227,,Field,Cool,12M,7,11,1,no,4,1,Root crop,3,3,1,12,1,0,0,0,0,0,0,0,0,0,1,1,1,0,0,0,0,0,1,1,1,1,1,1
Radis botte,226,,Field,Cool,12M,8,9,9,no,4,9,Root crop,1,1,1,4,0,0,0,0,0,0,0,0,1,0,0,0,0,0,0,0,0,0,0,1,1,0,0,0
Radis botte,225,,Field,Cool,12M,8,9,10,no,4,10,Root crop,2,2,1,8,0,0,0,0,0,0,0,0,1,1,0,0,0,0,0,0,0,0,0,1,1,1,0,0
Radis botte,224,,Field,Cool,12M,6,8,9,no,4,9,Root crop,2,2,1,8,0,0,0,0,0,0,0,1,1,0,0,0,0,0,0,0,0,1,1,1,1,0,0,0
Radis botte,223,,Field,Cool,12M,5,6,6,no,4,6,Root crop,1,1,1,4,0,0,0,0,0,1,0,0,0,0,0,0,0,0,0,0,1,1,0,0,0,0,0,0
Radis botte,222,,Field,Cool,12M,4,5,5,no,4,5,Root crop,1,1,1,4,0,0,0,0,1,0,0,0,0,0,0,0,0,0,0,1,1,0,0,0,0,0,0,0
Radis botte,221,,Field,Cool,12M,3,5,5,no,4,5,Root crop,1,1,1,4,0,0,0,0,1,0,0,0,0,0,0,0,0,0,1,1,1,0,0,0,0,0,0,0
Radis botte,220,,Field,Cool,12M,3,4,4,no,4,4,Root crop,1,1,1,4,0,0,0,1,0,0,0,0,0,0,0,0,0,0,1,1,0,0,0,0,0,0,0,0
Pomme de terre primeur,219,,Tunnel,Cool,12M,2,5,5,no,4,5,Potato,1,1,1,4,0,0,0,0,1,0,0,0,0,0,0,0,0,1,1,1,1,0,0,0,0,0,0,0
Pomme de terre primeur,218,,Field,Cool,12M,4,7,8,no,4,8,Potato,2,2,1,8,0,0,0,0,0,0,1,1,0,0,0,0,0,0,0,1,1,1,1,1,0,0,0,0
Pomme de terre primeur,217,,Field,Cool,12M,3,6,7,no,4,7,Potato,2,2,1,8,0,0,0,0,0,1,1,0,0,0,0,0,0,0,1,1,1,1,1,0,0,0,0,0
Pomme de terre conservation,216,,Field,Cool,12M,5,10,10,yes,4,4,Potato,1,7,1,28,1,1,1,1,0,0,0,0,0,1,1,1,0,0,0,0,1,1,1,1,1,1,0,0
Poivron,215,,Tunnel,Cool,12M,7,9,10,no,4,10,Fruit crop,2,2,2,8,0,0,0,0,0,0,0,0,1,1,0,0,0,0,0,0,0,0,1,1,1,1,0,0
Poivron,214,,Tunnel,Cool,12M,5,8,9,no,4,9,Fruit crop,2,2,2,8,0,0,0,0,0,0,0,1,1,0,0,0,0,0,0,0,1,1,1,1,1,0,0,0
Poivron,213,,Tunnel,Cool,12M,6,8,10,no,4,10,Fruit crop,3,3,2,12,0,0,0,0,0,0,0,1,1,1,0,0,0,0,0,0,0,1,1,1,1,1,0,0
Poivron,212,,Tunnel,Cool,12M,5,8,10,no,4,10,Fruit crop,3,3,2,12,0,0,0,0,0,0,0,1,1,1,0,0,0,0,0,0,1,1,1,1,1,1,0,0
Poivron,211,,Tunnel,Cool,12M,4,7,9,no,4,9,Fruit crop,3,3,2,12,0,0,0,0,0,0,1,1,1,0,0,0,0,0,0,1,1,1,1,1,1,0,0,0
Poivron,210,,Tunnel,Cool,12M,4,7,10,no,4,10,Fruit crop,4,4,2,16,0,0,0,0,0,0,1,1,1,1,0,0,0,0,0,1,1,1,1,1,1,1,0,0
Poivron,209,,Field,Cool,12M,6,9,11,no,4,11,Fruit crop,3,3,2,12,0,0,0,0,0,0,0,0,1,1,1,0,0,0,0,0,0,1,1,1,1,1,1,0
Pois,208,,Tunnel,Cool,12M,4,6,6,no,4,6,Fruit crop,1,1,1,4,0,0,0,0,0,1,0,0,0,0,0,0,0,0,0,1,1,1,0,0,0,0,0,0
Pois,207,,Tunnel,Cool,12M,2,5,5,no,4,5,Fruit crop,1,1,1,4,0,0,0,0,1,0,0,0,0,0,0,0,0,1,1,1,1,0,0,0,0,0,0,0
Pois,206,,Tunnel,Cool,12M,2,5,6,no,4,6,Fruit crop,2,2,1,8,0,0,0,0,1,1,0,0,0,0,0,0,0,1,1,1,1,1,0,0,0,0,0,0
Pois,205,,Tunnel,Cool,12M,1,3,4,no,4,4,Fruit crop,2,2,1,8,0,0,1,1,0,0,0,0,0,0,0,0,1,1,1,1,0,0,0,0,0,0,0,0
Pois,204,,Field,Cool,12M,7,9,10,no,4,10,Fruit crop,2,2,1,8,0,0,0,0,0,0,0,0,1,1,0,0,0,0,0,0,0,0,1,1,1,1,0,0
Pois,203,,Field,Cool,12M,5,8,8,no,4,8,Fruit crop,1,1,1,4,0,0,0,0,0,0,0,1,0,0,0,0,0,0,0,0,1,1,1,1,0,0,0,0
Pois,202,,Field,Cool,12M,4,7,7,no,4,7,Fruit crop,1,1,1,4,0,0,0,0,0,0,1,0,0,0,0,0,0,0,0,1,1,1,1,0,0,0,0,0
Pois,201,,Field,Cool,12M,3,6,6,no,4,6,Fruit crop,1,1,1,4,0,0,0,0,0,1,0,0,0,0,0,0,0,0,1,1,1,1,0,0,0,0,0,0
Pois,200,,Field,Cool,12M,4,6,7,no,4,7,Fruit crop,2,2,1,8,0,0,0,0,0,1,1,0,0,0,0,0,0,0,0,1,1,1,1,0,0,0,0,0
Pois,199,,Field,Cool,12M,3,6,7,no,4,7,Fruit crop,2,2,1,8,0,0,0,0,0,1,1,0,0,0,0,0,0,0,1,1,1,1,1,0,0,0,0,0
Poireau,198,,Tunnel,Cool,12M,8,10,10,no,4,10,Cooked green,1,1,1,4,0,0,0,0,0,0,0,0,0,1,0,0,0,0,0,0,0,0,0,1,1,1,0,0
Poireau,197,,Tunnel,Cool,12M,5,9,10,no,4,10,Cooked green,2,2,1,8,0,0,0,0,0,0,0,0,1,1,0,0,0,0,0,0,1,1,1,1,1,1,0,0
Poireau,196,,Tunnel,Cool,12M,4,8,9,no,4,9,Cooked green,2,2,1,8,0,0,0,0,0,0,0,1,1,0,0,0,0,0,0,1,1,1,1,1,1,0,0,0
Poireau,195,,Tunnel,Cool,12M,3,6,6,no,4,6,Cooked green,1,1,1,4,0,0,0,0,0,1,0,0,0,0,0,0,0,0,1,1,1,1,0,0,0,0,0,0
Poireau,194,,Tunnel,Cool,12M,10,4,4,no,4,4,Cooked green,1,1,1,4,0,0,0,1,0,0,0,0,0,0,0,0,1,1,1,1,0,0,0,0,0,1,1,1
Poireau,193,,Field,Cool,12M,6,12,3,no,4,3,Cooked green,4,4,1,16,1,1,1,0,0,0,0,0,0,0,0,1,1,1,1,0,0,1,1,1,1,1,1,1
Poireau,192,,Field,Cool,12M,6,10,12,no,4,12,Cooked green,3,3,1,12,0,0,0,0,0,0,0,0,0,1,1,1,0,0,0,0,0,1,1,1,1,1,1,1
Poireau,191,,Field,Cool,12M,4,8,9,no,4,9,Cooked green,2,2,1,8,0,0,0,0,0,0,0,1,1,0,0,0,0,0,0,1,1,1,1,1,1,0,0,0
Poireau,190,,Field,Cool,12M,8,2,2,no,4,2,Cooked green,1,1,1,4,0,1,0,0,0,0,0,0,0,0,0,0,1,1,0,0,0,0,0,1,1,1,1,1
Poireau,189,,Field,Cool,12M,10,1,1,no,4,1,Cooked green,1,1,1,4,1,0,0,0,0,0,0,0,0,0,0,0,1,0,0,0,0,0,0,0,0,1,1,1
Piment,188,,Tunnel,Cool,12M,5,8,10,yes,4,4,Condiment crop,3,9,1,36,1,1,1,1,0,0,0,1,1,1,1,1,0,0,0,0,1,1,1,1,1,1,0,0
Panais,187,,Field,Cool,12M,5,12,2,yes,4,4,Root crop,3,5,1,20,1,1,1,1,0,0,0,0,0,0,0,1,1,1,0,0,1,1,1,1,1,1,1,1
Panais,186,,Field,Cool,12M,4,11,11,yes,4,4,Root crop,1,6,1,24,1,1,1,1,0,0,0,0,0,0,1,1,0,0,0,1,1,1,1,1,1,1,1,0
Oignon conservation,185,,Field,Cool,12M,4,9,9,yes,4,4,Condiment crop,1,8,1,32,1,1,1,1,0,0,0,0,1,1,1,1,0,0,0,1,1,1,1,1,1,0,0,0
Oignon conservation,184,,Field,Cool,12M,6,8,8,yes,4,4,Condiment crop,1,9,1,36,1,1,1,1,0,0,0,1,1,1,1,1,0,0,0,0,0,1,1,1,0,0,0,0
Oignon conservation,183,,Field,Cool,12M,5,8,8,yes,4,4,Condiment crop,1,9,1,36,1,1,1,1,0,0,0,1,1,1,1,1,0,0,0,0,1,1,1,1,0,0,0,0
Oignon conservation,182,,Field,Cool,12M,4,8,8,yes,4,4,Condiment crop,1,9,1,36,1,1,1,1,0,0,0,1,1,1,1,1,0,0,0,1,1,1,1,1,0,0,0,0
Oignon conservation,181,,Field,Cool,12M,4,7,7,yes,4,4,Condiment crop,1,10,1,40,1,1,1,1,0,0,1,1,1,1,1,1,0,0,0,1,1,1,1,0,0,0,0,0
Oignon botte,180,,Tunnel,Cool,12M,4,6,6,no,4,6,Condiment crop,1,1,1,4,0,0,0,0,0,1,0,0,0,0,0,0,0,0,0,1,1,1,0,0,0,0,0,0
Oignon botte,179,,Tunnel,Cool,12M,3,6,6,no,4,6,Condiment crop,1,1,1,4,0,0,0,0,0,1,0,0,0,0,0,0,0,0,1,1,1,1,0,0,0,0,0,0
Oignon botte,178,,Tunnel,Cool,12M,4,6,7,no,4,7,Condiment crop,2,2,1,8,0,0,0,0,0,1,1,0,0,0,0,0,0,0,0,1,1,1,1,0,0,0,0,0
Oignon botte,177,,Tunnel,Cool,12M,9,5,6,no,4,6,Condiment crop,2,2,1,8,0,0,0,0,1,1,0,0,0,0,0,0,1,1,1,1,1,1,0,0,1,1,1,1
Oignon botte,176,,Tunnel,Cool,12M,10,4,4,no,4,4,Condiment crop,1,1,1,4,0,0,0,1,0,0,0,0,0,0,0,0,1,1,1,1,0,0,0,0,0,1,1,1
Oignon botte,175,,Field,Cool,12M,5,8,10,no,4,10,Condiment crop,3,3,1,12,0,0,0,0,0,0,0,1,1,1,0,0,0,0,0,0,1,1,1,1,1,1,0,0
Oignon botte,174,,Field,Cool,12M,4,7,9,no,4,9,Condiment crop,3,3,1,12,0,0,0,0,0,0,1,1,1,0,0,0,0,0,0,1,1,1,1,1,1,0,0,0
Oignon botte,173,,Field,Cool,12M,4,6,6,no,4,6,Condiment crop,1,1,1,4,0,0,0,0,0,1,0,0,0,0,0,0,0,0,0,1,1,1,0,0,0,0,0,0
Navet conservation,172,,Field,Cool,12M,8,10,11,yes,4,4,Root crop,2,7,1,28,1,1,1,1,0,0,0,0,0,1,1,1,0,0,0,0,0,0,0,1,1,1,1,0
Navet conservation,171,,Field,Cool,12M,7,10,10,yes,4,4,Root crop,1,7,1,28,1,1,1,1,0,0,0,0,0,1,1,1,0,0,0,0,0,0,1,1,1,1,0,0
Navet botte,170,,Tunnel,Cool,12M,4,5,5,no,4,5,Root crop,1,1,1,4,0,0,0,0,1,0,0,0,0,0,0,0,0,0,0,1,1,0,0,0,0,0,0,0
Navet botte,169,,Tunnel,Cool,12M,3,5,5,no,4,5,Root crop,1,1,1,4,0,0,0,0,1,0,0,0,0,0,0,0,0,0,1,1,1,0,0,0,0,0,0,0
Navet botte,168,,Tunnel,Cool,12M,3,5,6,no,4,6,Root crop,2,2,1,8,0,0,0,0,1,1,0,0,0,0,0,0,0,0,1,1,1,1,0,0,0,0,0,0
Navet botte,167,,Tunnel,Cool,12M,11,3,3,no,4,3,Root crop,1,1,1,4,0,0,1,0,0,0,0,0,0,0,0,0,1,1,1,0,0,0,0,0,0,0,1,1
Navet botte,166,,Tunnel,Cool,12M,9,1,3,no,4,3,Root crop,3,3,1,12,1,1,1,0,0,0,0,0,0,0,0,0,1,1,1,0,0,0,0,0,1,1,1,1
Navet botte,165,,Field,Cool,12M,7,11,12,no,4,12,Root crop,2,2,1,8,0,0,0,0,0,0,0,0,0,0,1,1,0,0,0,0,0,0,1,1,1,1,1,1
Navet botte,164,,Field,Cool,12M,8,10,12,no,4,12,Root crop,3,3,1,12,0,0,0,0,0,0,0,0,0,1,1,1,0,0,0,0,0,0,0,1,1,1,1,1
Navet botte,163,,Field,Cool,12M,4,5,7,no,4,7,Root crop,3,3,1,12,0,0,0,0,1,1,1,0,0,0,0,0,0,0,0,1,1,1,1,0,0,0,0,0
Navet botte,162,,Field,Cool,12M,10,3,3,no,4,3,Root crop,1,1,1,4,0,0,1,0,0,0,0,0,0,0,0,0,1,1,1,0,0,0,0,0,0,1,1,1
Mesclun,161,,Tunnel,Cool,12M,10,12,1,no,4,1,Raw green,2,2,1,8,1,0,0,0,0,0,0,0,0,0,0,1,1,0,0,0,0,0,0,0,0,1,1,1
Mesclun,160,,Tunnel,Cool,12M,10,11,12,no,4,12,Raw green,2,2,1,8,0,0,0,0,0,0,0,0,0,0,1,1,0,0,0,0,0,0,0,0,0,1,1,1
Mesclun,159,,Tunnel,Cool,12M,9,11,12,no,4,12,Raw green,2,2,1,8,0,0,0,0,0,0,0,0,0,0,1,1,0,0,0,0,0,0,0,0,1,1,1,1
Mesclun,158,,Tunnel,Cool,12M,6,10,11,no,4,11,Raw green,2,2,1,8,0,0,0,0,0,0,0,0,0,1,1,0,0,0,0,0,0,1,1,1,1,1,1,0
Mesclun,157,,Tunnel,Cool,12M,8,10,1,no,4,1,Raw green,4,4,1,16,1,0,0,0,0,0,0,0,0,1,1,1,1,0,0,0,0,0,0,1,1,1,1,1
Mesclun,156,,Tunnel,Cool,12M,7,7,9,no,4,9,Raw green,3,3,1,12,0,0,0,0,0,0,1,1,1,0,0,0,0,0,0,0,0,0,1,1,1,0,0,0
Mesclun,155,,Tunnel,Cool,12M,4,6,6,no,4,6,Raw green,1,1,1,4,0,0,0,0,0,1,0,0,0,0,0,0,0,0,0,1,1,1,0,0,0,0,0,0
Mesclun,154,,Tunnel,Cool,12M,5,6,8,no,4,8,Raw green,3,3,1,12,0,0,0,0,0,1,1,1,0,0,0,0,0,0,0,0,1,1,1,1,0,0,0,0
Mesclun,153,,Tunnel,Cool,12M,4,5,6,no,4,6,Raw green,2,2,1,8,0,0,0,0,1,1,0,0,0,0,0,0,0,0,0,1,1,1,0,0,0,0,0,0
Mesclun,152,,Tunnel,Cool,12M,2,4,5,no,4,5,Raw green,2,2,1,8,0,0,0,1,1,0,0,0,0,0,0,0,0,1,1,1,1,0,0,0,0,0,0,0
Mesclun,151,,Tunnel,Cool,12M,3,4,6,no,4,6,Raw green,3,3,1,12,0,0,0,1,1,1,0,0,0,0,0,0,0,0,1,1,1,1,0,0,0,0,0,0
Mesclun,150,,Tunnel,Cool,12M,12,3,3,no,4,3,Raw green,1,1,1,4,0,0,1,0,0,0,0,0,0,0,0,0,1,1,1,0,0,0,0,0,0,0,0,1
Mesclun,149,,Tunnel,Cool,12M,11,2,2,no,4,2,Raw green,1,1,1,4,0,1,0,0,0,0,0,0,0,0,0,0,1,1,0,0,0,0,0,0,0,0,1,1
Mesclun,148,,Field,Cool,12M,8,10,10,no,4,10,Raw green,1,1,1,4,0,0,0,0,0,0,0,0,0,1,0,0,0,0,0,0,0,0,0,1,1,1,0,0
Melon,147,,Tunnel,Cool,12M,6,9,10,no,4,10,Fruit crop,2,2,1,8,0,0,0,0,0,0,0,0,1,1,0,0,0,0,0,0,0,1,1,1,1,1,0,0
Mache-pourp,146,,Tunnel,Cool,12M,9,12,1,no,4,1,Raw green,2,2,1,8,1,0,0,0,0,0,0,0,0,0,0,1,1,0,0,0,0,0,0,0,1,1,1,1
Mache-pourp,145,,Tunnel,Cool,12M,9,11,12,no,4,12,Raw green,2,2,1,8,0,0,0,0,0,0,0,0,0,0,1,1,0,0,0,0,0,0,0,0,1,1,1,1
Mache-pourp,144,,Tunnel,Cool,12M,2,3,3,no,4,3,Raw green,1,1,1,4,0,0,1,0,0,0,0,0,0,0,0,0,0,1,1,0,0,0,0,0,0,0,0,0
Mache-pourp,143,,Tunnel,Cool,12M,12,2,2,no,4,2,Raw green,1,1,1,4,0,1,0,0,0,0,0,0,0,0,0,0,1,1,0,0,0,0,0,0,0,0,0,1
Mache-pourp,142,,Tunnel,Cool,12M,11,2,2,no,4,2,Raw green,1,1,1,4,0,1,0,0,0,0,0,0,0,0,0,0,1,1,0,0,0,0,0,0,0,0,1,1
Mache-pourp,141,,Tunnel,Cool,12M,1,2,2,no,4,2,Raw green,1,1,1,4,0,1,0,0,0,0,0,0,0,0,0,0,1,1,0,0,0,0,0,0,0,0,0,0
Mache-pourp,140,,Tunnel,Cool,12M,11,2,3,no,4,3,Raw green,2,2,1,8,0,1,1,0,0,0,0,0,0,0,0,0,1,1,1,0,0,0,0,0,0,0,1,1
Mache-pourp,139,,Tunnel,Cool,12M,10,1,1,no,4,1,Raw green,1,1,1,4,1,0,0,0,0,0,0,0,0,0,0,0,1,0,0,0,0,0,0,0,0,1,1,1
Mache-pourp,138,,Tunnel,Cool,12M,10,1,2,no,4,2,Raw green,2,2,1,8,1,1,0,0,0,0,0,0,0,0,0,0,1,1,0,0,0,0,0,0,0,1,1,1
Mache-pourp,137,,Field,Cool,12M,8,11,12,no,4,12,Raw green,2,2,1,8,0,0,0,0,0,0,0,0,0,0,1,1,0,0,0,0,0,0,0,1,1,1,1,1
Mache-pourp,136,,Field,Cool,12M,9,10,10,no,4,10,Raw green,1,1,1,4,0,0,0,0,0,0,0,0,0,1,0,0,0,0,0,0,0,0,0,0,1,1,0,0
Haricot,135,,Tunnel,Cool,12M,7,10,10,no,4,10,Fruit crop,1,1,2,4,0,0,0,0,0,0,0,0,0,1,0,0,0,0,0,0,0,0,1,1,1,1,0,0
Haricot,134,,Tunnel,Cool,12M,6,8,9,no,4,9,Fruit crop,2,2,2,8,0,0,0,0,0,0,0,1,1,0,0,0,0,0,0,0,0,1,1,1,1,0,0,0
Haricot,133,,Tunnel,Cool,12M,5,7,8,no,4,8,Fruit crop,2,2,2,8,0,0,0,0,0,0,1,1,0,0,0,0,0,0,0,0,1,1,1,1,0,0,0,0
Haricot,132,,Field,Cool,12M,6,9,9,no,4,9,Fruit crop,1,1,2,4,0,0,0,0,0,0,0,0,1,0,0,0,0,0,0,0,0,1,1,1,1,0,0,0
Haricot,131,,Field,Cool,12M,7,9,10,no,4,10,Fruit crop,2,2,2,8,0,0,0,0,0,0,0,0,1,1,0,0,0,0,0,0,0,0,1,1,1,1,0,0
Haricot,130,,Field,Cool,12M,5,8,8,no,4,8,Fruit crop,1,1,2,4,0,0,0,0,0,0,0,1,0,0,0,0,0,0,0,0,1,1,1,1,0,0,0,0
Haricot,129,,Field,Cool,12M,6,8,9,no,4,9,Fruit crop,2,2,2,8,0,0,0,0,0,0,0,1,1,0,0,0,0,0,0,0,0,1,1,1,1,0,0,0
Haricot,128,,Field,Cool,12M,5,8,9,no,4,9,Fruit crop,2,2,2,8,0,0,0,0,0,0,0,1,1,0,0,0,0,0,0,0,1,1,1,1,1,0,0,0
Haricot,127,,Field,Cool,12M,4,7,8,no,4,8,Fruit crop,2,2,2,8,0,0,0,0,0,0,1,1,0,0,0,0,0,0,0,1,1,1,1,1,0,0,0,0
Haricot,126,,Field,Cool,12M,3,7,8,no,4,8,Fruit crop,2,2,2,8,0,0,0,0,0,0,1,1,0,0,0,0,0,0,1,1,1,1,1,1,0,0,0,0
Fraise,125,,Field,Cool,12M,9,6,10,no,4,10,Fruit crop,5,5,1,20,0,0,0,0,0,1,1,1,1,1,0,0,0,0,0,0,0,0,0,0,1,1,0,0
Feve,124,,Tunnel,Cool,12M,2,6,7,no,4,7,Fruit crop,2,2,1,8,0,0,0,0,0,1,1,0,0,0,0,0,0,1,1,1,1,1,1,0,0,0,0,0
Feve,123,,Tunnel,Cool,12M,1,6,7,no,4,7,Fruit crop,2,2,1,8,0,0,0,0,0,1,1,0,0,0,0,0,1,1,1,1,1,1,1,0,0,0,0,0
Feve,122,,Field,Cool,12M,3,7,7,no,4,7,Fruit crop,1,1,1,4,0,0,0,0,0,0,1,0,0,0,0,0,0,0,1,1,1,1,1,0,0,0,0,0
Feve,121,,Field,Cool,12M,3,6,7,no,4,7,Fruit crop,2,2,1,8,0,0,0,0,0,1,1,0,0,0,0,0,0,0,1,1,1,1,1,0,0,0,0,0
Fenouil,120,,Tunnel,Cool,12M,7,10,10,no,4,10,Cooked green,1,1,1,4,0,0,0,0,0,0,0,0,0,1,0,0,0,0,0,0,0,0,1,1,1,1,0,0
Fenouil,119,,Tunnel,Cool,12M,6,9,9,no,4,9,Cooked green,1,1,1,4,0,0,0,0,0,0,0,0,1,0,0,0,0,0,0,0,0,1,1,1,1,0,0,0
Fenouil,118,,Tunnel,Cool,12M,3,7,7,no,4,7,Cooked green,1,1,1,4,0,0,0,0,0,0,1,0,0,0,0,0,0,0,1,1,1,1,1,0,0,0,0,0
Fenouil,117,,Tunnel,Cool,12M,3,5,5,no,4,5,Cooked green,1,1,1,4,0,0,0,0,1,0,0,0,0,0,0,0,0,0,1,1,1,0,0,0,0,0,0,0
Fenouil,116,,Tunnel,Cool,12M,3,4,4,no,4,4,Cooked green,1,1,1,4,0,0,0,1,0,0,0,0,0,0,0,0,0,0,1,1,0,0,0,0,0,0,0,0
Fenouil,115,,Field,Cool,12M,7,10,10,no,4,10,Cooked green,1,1,1,4,0,0,0,0,0,0,0,0,0,1,0,0,0,0,0,0,0,0,1,1,1,1,0,0
Fenouil,114,,Field,Cool,12M,8,10,11,no,4,11,Cooked green,2,2,1,8,0,0,0,0,0,0,0,0,0,1,1,0,0,0,0,0,0,0,0,1,1,1,1,0
Fenouil,113,,Field,Cool,12M,5,8,8,no,4,8,Cooked green,1,1,1,4,0,0,0,0,0,0,0,1,0,0,0,0,0,0,0,0,1,1,1,1,0,0,0,0
Fenouil,112,,Field,Cool,12M,6,8,9,no,4,9,Cooked green,2,2,1,8,0,0,0,0,0,0,0,1,1,0,0,0,0,0,0,0,0,1,1,1,1,0,0,0
Fenouil,111,,Field,Cool,12M,7,8,11,no,4,11,Cooked green,4,4,1,16,0,0,0,0,0,0,0,1,1,1,1,0,0,0,0,0,0,0,1,1,1,1,1,0
Fenouil,110,,Field,Cool,12M,6,7,7,no,4,7,Cooked green,1,1,1,4,0,0,0,0,0,0,1,0,0,0,0,0,0,0,0,0,0,1,1,0,0,0,0,0
Fenouil,109,,Field,Cool,12M,5,7,10,no,4,10,Cooked green,4,4,1,16,0,0,0,0,0,0,1,1,1,1,0,0,0,0,0,0,1,1,1,1,1,1,0,0
Epinard,108,,Tunnel,Cool,12M,9,12,3,no,4,3,Cooked green,4,4,1,16,1,1,1,0,0,0,0,0,0,0,0,1,1,1,1,0,0,0,0,0,1,1,1,1
Epinard,107,,Tunnel,Cool,12M,9,11,11,no,4,11,Cooked green,1,1,1,4,0,0,0,0,0,0,0,0,0,0,1,0,0,0,0,0,0,0,0,0,1,1,1,0
Epinard,106,,Tunnel,Cool,12M,11,5,5,no,4,5,Cooked green,1,1,1,4,0,0,0,0,1,0,0,0,0,0,0,0,1,1,1,1,1,0,0,0,0,0,1,1
Epinard,105,,Tunnel,Cool,12M,2,5,5,no,4,5,Cooked green,1,1,1,4,0,0,0,0,1,0,0,0,0,0,0,0,0,1,1,1,1,0,0,0,0,0,0,0
Epinard,104,,Tunnel,Cool,12M,1,5,5,no,4,5,Cooked green,1,1,1,4,0,0,0,0,1,0,0,0,0,0,0,0,1,1,1,1,1,0,0,0,0,0,0,0
Epinard,103,,Tunnel,Cool,12M,10,4,4,no,4,4,Cooked green,1,1,1,4,0,0,0,1,0,0,0,0,0,0,0,0,1,1,1,1,0,0,0,0,0,1,1,1
Epinard,102,,Tunnel,Cool,12M,3,4,4,no,4,4,Cooked green,1,1,1,4,0,0,0,1,0,0,0,0,0,0,0,0,0,0,1,1,0,0,0,0,0,0,0,0
Epinard,101,,Tunnel,Cool,12M,2,4,4,no,4,4,Cooked green,1,1,1,4,0,0,0,1,0,0,0,0,0,0,0,0,0,1,1,1,0,0,0,0,0,0,0,0
Epinard,100,,Tunnel,Cool,12M,11,2,2,no,4,2,Cooked green,1,1,1,4,0,1,0,0,0,0,0,0,0,0,0,0,1,1,0,0,0,0,0,0,0,0,1,1
Epinard,99,,Tunnel,Cool,12M,9,2,2,no,4,2,Cooked green,1,1,1,4,0,1,0,0,0,0,0,0,0,0,0,0,1,1,0,0,0,0,0,0,1,1,1,1
Epinard,98,,Tunnel,Cool,12M,10,1,3,no,4,3,Cooked green,3,3,1,12,1,1,1,0,0,0,0,0,0,0,0,0,1,1,1,0,0,0,0,0,0,1,1,1
Epinard,97,,Field,Cool,12M,9,12,1,no,4,1,Cooked green,2,2,1,8,1,0,0,0,0,0,0,0,0,0,0,1,1,0,0,0,0,0,0,0,1,1,1,1
Epinard,96,,Field,Cool,12M,8,10,10,no,4,10,Cooked green,1,1,1,4,0,0,0,0,0,0,0,0,0,1,0,0,0,0,0,0,0,0,0,1,1,1,0,0
Epinard,95,,Field,Cool,12M,3,5,5,no,4,5,Cooked green,1,1,1,4,0,0,0,0,1,0,0,0,0,0,0,0,0,0,1,1,1,0,0,0,0,0,0,0
Epinard,94,,Field,Cool,12M,4,5,6,no,4,6,Cooked green,2,2,1,8,0,0,0,0,1,1,0,0,0,0,0,0,0,0,0,1,1,1,0,0,0,0,0,0
Epinard,93,,Field,Cool,12M,9,3,3,no,4,3,Cooked green,1,1,1,4,0,0,1,0,0,0,0,0,0,0,0,0,1,1,1,0,0,0,0,0,1,1,1,1
Epinard,92,,Field,Cool,12M,10,2,4,no,4,4,Cooked green,3,3,1,12,0,1,1,1,0,0,0,0,0,0,0,0,1,1,1,1,0,0,0,0,0,1,1,1
Endive,91,,Field,Cool,12M,5,10,10,no,4,10,Raw green,1,3,1,12,0,0,0,0,0,0,0,0,0,1,0,0,0,0,0,0,1,1,1,1,1,1,0,0
Echalote,90,,Field,Cool,12M,4,8,8,yes,4,4,Condiment crop,1,9,1,36,1,1,1,1,0,0,0,1,1,1,1,1,0,0,0,1,1,1,1,1,0,0,0,0
Echalote,89,,Field,Cool,12M,6,7,7,yes,4,4,Condiment crop,1,10,1,40,1,1,1,1,0,0,1,1,1,1,1,1,0,0,0,0,0,1,1,0,0,0,0,0
Courgette,88,,Tunnel,Cool,12M,7,9,9,no,4,9,Fruit crop,1,1,4,4,0,0,0,0,0,0,0,0,1,0,0,0,0,0,0,0,0,0,1,1,1,0,0,0
Courgette,87,,Tunnel,Cool,12M,4,7,8,no,4,8,Fruit crop,2,2,4,8,0,0,0,0,0,0,1,1,0,0,0,0,0,0,0,1,1,1,1,1,0,0,0,0
Courgette,86,,Field,Cool,12M,7,9,11,no,4,11,Fruit crop,3,3,4,12,0,0,0,0,0,0,0,0,1,1,1,0,0,0,0,0,0,0,1,1,1,1,1,0
Courgette,85,,Field,Cool,12M,5,7,9,no,4,9,Fruit crop,3,3,4,12,0,0,0,0,0,0,1,1,1,0,0,0,0,0,0,0,1,1,1,1,1,0,0,0
Courge,83,,Tunnel,Cool,12M,5,9,9,yes,4,4,Fruit crop,1,8,1,32,1,1,1,1,0,0,0,0,1,1,1,1,0,0,0,0,1,1,1,1,1,0,0,0
Courge,82,,Tunnel,Cool,12M,4,8,8,yes,4,4,Fruit crop,1,9,1,36,1,1,1,1,0,0,0,1,1,1,1,1,0,0,0,1,1,1,1,1,0,0,0,0
Courge,81,,Field,Cool,12M,5,9,10,yes,4,4,Fruit crop,2,8,1,32,1,1,1,1,0,0,0,0,1,1,1,1,0,0,0,0,1,1,1,1,1,1,0,0
Concombre,80,,Tunnel,Cool,12M,6,9,10,no,4,10,Fruit crop,2,2,4,8,0,0,0,0,0,0,0,0,1,1,0,0,0,0,0,0,0,1,1,1,1,1,0,0
Concombre,79,,Tunnel,Cool,12M,5,8,9,no,4,9,Fruit crop,2,2,4,8,0,0,0,0,0,0,0,1,1,0,0,0,0,0,0,0,1,1,1,1,1,0,0,0
Concombre,78,,Tunnel,Cool,12M,6,7,9,no,4,9,Fruit crop,3,3,4,12,0,0,0,0,0,0,1,1,1,0,0,0,0,0,0,0,0,1,1,1,1,0,0,0
Concombre,77,,Tunnel,Cool,12M,5,7,9,no,4,9,Fruit crop,3,3,4,12,0,0,0,0,0,0,1,1,1,0,0,0,0,0,0,0,1,1,1,1,1,0,0,0
Chou rave,76,,Tunnel,Cool,12M,4,6,8,no,4,8,Cooked green,3,3,1,12,0,0,0,0,0,1,1,1,0,0,0,0,0,0,0,1,1,1,1,1,0,0,0,0
Chou rave,75,,Tunnel,Cool,12M,3,5,6,no,4,6,Cooked green,2,2,1,8,0,0,0,0,1,1,0,0,0,0,0,0,0,0,1,1,1,1,0,0,0,0,0,0
Chou rave,74,,Tunnel,Cool,12M,2,4,5,no,4,5,Cooked green,2,2,1,8,0,0,0,1,1,0,0,0,0,0,0,0,0,1,1,1,1,0,0,0,0,0,0,0
Chou rave,73,,Tunnel,Cool,12M,10,2,2,no,4,2,Cooked green,1,1,1,4,0,1,0,0,0,0,0,0,0,0,0,0,1,1,0,0,0,0,0,0,0,1,1,1
Chou rave,72,,Field,Cool,12M,7,10,12,no,4,12,Cooked green,3,3,1,12,0,0,0,0,0,0,0,0,0,1,1,1,0,0,0,0,0,0,1,1,1,1,1,1
Chou rave,71,,Field,Cool,12M,7,8,9,no,4,9,Cooked green,2,2,1,8,0,0,0,0,0,0,0,1,1,0,0,0,0,0,0,0,0,0,1,1,1,0,0,0
Chou rave,70,,Field,Cool,12M,4,7,7,no,4,7,Cooked green,1,1,1,4,0,0,0,0,0,0,1,0,0,0,0,0,0,0,0,1,1,1,1,0,0,0,0,0
Chou kale,69,,Tunnel,Cool,12M,10,10,2,no,4,2,Cooked green,5,5,1,20,1,1,0,0,0,0,0,0,0,1,1,1,1,1,0,0,0,0,0,0,0,1,1,1
Chou kale,68,,Tunnel,Cool,12M,2,3,4,no,4,4,Cooked green,2,2,1,8,0,0,1,1,0,0,0,0,0,0,0,0,0,1,1,1,0,0,0,0,0,0,0,0
Chou kale,67,,Tunnel,Cool,12M,11,1,2,no,4,2,Cooked green,2,2,1,8,1,1,0,0,0,0,0,0,0,0,0,0,1,1,0,0,0,0,0,0,0,0,1,1
Chou kale,66,,Field,Cool,12M,6,2,3,no,4,3,Cooked green,2,2,1,8,0,1,1,0,0,0,0,0,0,0,0,0,1,1,1,0,0,1,1,1,1,1,1,1
Chou fleur,65,,Field,Cool,12M,8,11,11,no,4,11,Cooked green,1,1,1,4,0,0,0,0,0,0,0,0,0,0,1,0,0,0,0,0,0,0,0,1,1,1,1,0
Chou fleur,64,,Field,Cool,12M,7,10,10,no,4,10,Cooked green,1,1,1,4,0,0,0,0,0,0,0,0,0,1,0,0,0,0,0,0,0,0,1,1,1,1,0,0
Chou fleur,63,,Field,Cool,12M,5,8,8,no,4,8,Cooked green,1,1,1,4,0,0,0,0,0,0,0,1,0,0,0,0,0,0,0,0,1,1,1,1,0,0,0,0
Chou de Bruxelles,62,,Field,Cool,12M,6,12,2,no,4,2,Cooked green,3,3,1,12,1,1,0,0,0,0,0,0,0,0,0,1,1,1,0,0,0,1,1,1,1,1,1,1
Chou de Bruxelles,61,,Field,Cool,12M,8,1,2,no,4,2,Cooked green,2,2,1,8,1,1,0,0,0,0,0,0,0,0,0,0,1,1,0,0,0,0,0,1,1,1,1,1
Chou chinois,60,,Tunnel,Cool,12M,9,11,11,no,4,11,Cooked green,1,1,1,4,0,0,0,0,0,0,0,0,0,0,1,0,0,0,0,0,0,0,0,0,1,1,1,0
Chou chinois,59,,Tunnel,Cool,12M,9,10,12,no,4,12,Cooked green,3,3,1,12,0,0,0,0,0,0,0,0,0,1,1,1,0,0,0,0,0,0,0,0,1,1,1,1
Chou chinois,58,,Tunnel,Cool,12M,10,10,1,no,4,1,Cooked green,4,4,1,16,1,0,0,0,0,0,0,0,0,1,1,1,1,0,0,0,0,0,0,0,0,1,1,1
Chou chinois,57,,Tunnel,Cool,12M,9,9,10,no,4,10,Cooked green,2,2,1,8,0,0,0,0,0,0,0,0,1,1,0,0,0,0,0,0,0,0,0,0,1,1,0,0
Chou chinois,56,,Tunnel,Cool,12M,6,7,7,no,4,7,Cooked green,1,1,1,4,0,0,0,0,0,0,1,0,0,0,0,0,0,0,0,0,0,1,1,0,0,0,0,0
Chou chinois,55,,Tunnel,Cool,12M,4,5,5,no,4,5,Cooked green,1,1,1,4,0,0,0,0,1,0,0,0,0,0,0,0,0,0,0,1,1,0,0,0,0,0,0,0
Chou chinois,54,,Tunnel,Cool,12M,3,4,4,no,4,4,Cooked green,1,1,1,4,0,0,0,1,0,0,0,0,0,0,0,0,0,0,1,1,0,0,0,0,0,0,0,0
Chou chinois,53,,Field,Cool,12M,8,10,10,no,4,10,Cooked green,1,1,1,4,0,0,0,0,0,0,0,0,0,1,0,0,0,0,0,0,0,0,0,1,1,1,0,0
Chou chinois,52,,Field,Cool,12M,7,9,9,no,4,9,Cooked green,1,1,1,4,0,0,0,0,0,0,0,0,1,0,0,0,0,0,0,0,0,0,1,1,1,0,0,0
Chou chinois,51,,Field,Cool,12M,4,5,5,no,4,5,Cooked green,1,1,1,4,0,0,0,0,1,0,0,0,0,0,0,0,0,0,0,1,1,0,0,0,0,0,0,0
Chou,50,,Tunnel,Cool,12M,3,6,7,no,4,7,Cooked green,2,2,1,8,0,0,0,0,0,1,1,0,0,0,0,0,0,0,1,1,1,1,1,0,0,0,0,0
Chou,49,,Tunnel,Cool,12M,2,5,6,no,4,6,Cooked green,2,2,1,8,0,0,0,0,1,1,0,0,0,0,0,0,0,1,1,1,1,1,0,0,0,0,0,0
Chou,48,,Tunnel,Cool,12M,9,4,5,no,4,5,Cooked green,2,2,1,8,0,0,0,1,1,0,0,0,0,0,0,0,1,1,1,1,1,0,0,0,1,1,1,1
Chou,47,,Field,Cool,12M,7,11,12,no,4,12,Cooked green,2,2,1,8,0,0,0,0,0,0,0,0,0,0,1,1,0,0,0,0,0,0,1,1,1,1,1,1
Chou,46,,Field,Cool,12M,6,10,12,no,4,12,Cooked green,3,3,1,12,0,0,0,0,0,0,0,0,0,1,1,1,0,0,0,0,0,1,1,1,1,1,1,1
Chou,45,,Field,Cool,12M,5,9,10,no,4,10,Cooked green,2,2,1,8,0,0,0,0,0,0,0,0,1,1,0,0,0,0,0,0,1,1,1,1,1,1,0,0
Chou,44,,Field,Cool,12M,4,8,8,no,4,8,Cooked green,1,1,1,4,0,0,0,0,0,0,0,1,0,0,0,0,0,0,0,1,1,1,1,1,0,0,0,0
Chou,43,,Field,Cool,12M,9,3,3,no,4,3,Cooked green,1,1,1,4,0,0,1,0,0,0,0,0,0,0,0,0,1,1,1,0,0,0,0,0,1,1,1,1
Chicoree,42,,Tunnel,Cool,12M,9,10,12,no,4,12,Raw green,3,3,1,12,0,0,0,0,0,0,0,0,0,1,1,1,0,0,0,0,0,0,0,0,1,1,1,1
Chicoree,41,,Tunnel,Cool,12M,7,9,12,no,4,12,Raw green,4,4,1,16,0,0,0,0,0,0,0,0,1,1,1,1,0,0,0,0,0,0,1,1,1,1,1,1
Chicoree,40,,Field,Cool,12M,8,10,11,no,4,11,Raw green,2,2,1,8,0,0,0,0,0,0,0,0,0,1,1,0,0,0,0,0,0,0,0,1,1,1,1,0
Celeri rave,39,,Tunnel,Cool,12M,5,9,9,yes,4,4,Root crop,1,8,1,32,1,1,1,1,0,0,0,0,1,1,1,1,0,0,0,0,1,1,1,1,1,0,0,0
Celeri rave,38,,Field,Cool,12M,6,10,10,yes,4,4,Root crop,1,7,1,28,1,1,1,1,0,0,0,0,0,1,1,1,0,0,0,0,0,1,1,1,1,1,0,0
Celeri branche,37,,Tunnel,Cool,12M,7,11,12,no,4,12,Cooked green,2,2,1,8,0,0,0,0,0,0,0,0,0,0,1,1,0,0,0,0,0,0,1,1,1,1,1,1
Celeri branche,36,,Field,Cool,12M,5,8,11,no,4,11,Cooked green,4,4,1,16,0,0,0,0,0,0,0,1,1,1,1,0,0,0,0,0,1,1,1,1,1,1,1,0
Carotte botte,35,,Field,Cool,12M,6,9,10,no,4,10,Carrot,2,2,1,8,0,0,0,0,0,0,0,0,1,1,0,0,0,0,0,0,0,1,1,1,1,1,0,0
Carotte botte,34,,Field,Cool,12M,5,8,9,no,4,9,Carrot,2,2,1,8,0,0,0,0,0,0,0,1,1,0,0,0,0,0,0,0,1,1,1,1,1,0,0,0
Carotte botte,33,,Tunnel,Cool,12M,3,7,7,no,4,7,Carrot,1,1,1,4,0,0,0,0,0,0,1,0,0,0,0,0,0,0,1,1,1,1,1,0,0,0,0,0
Carotte botte,32,,Tunnel,Cool,12M,2,7,7,no,4,7,Carrot,1,1,1,4,0,0,0,0,0,0,1,0,0,0,0,0,0,1,1,1,1,1,1,0,0,0,0,0
Carotte botte,31,,Tunnel,Cool,12M,2,5,6,no,4,6,Carrot,2,2,1,8,0,0,0,0,1,1,0,0,0,0,0,0,0,1,1,1,1,1,0,0,0,0,0,0
Carotte botte,30,,Tunnel,Cool,12M,9,4,4,no,4,4,Carrot,1,1,1,4,0,0,0,1,0,0,0,0,0,0,0,0,1,1,1,1,0,0,0,0,1,1,1,1
Carotte botte,29,,Tunnel,Cool,12M,8,1,2,no,4,2,Carrot,2,2,1,8,1,1,0,0,0,0,0,0,0,0,0,0,1,1,0,0,0,0,0,1,1,1,1,1
Carotte botte,28,,Field,Cool,12M,4,7,8,no,4,8,Carrot,2,2,1,8,0,0,0,0,0,0,1,1,0,0,0,0,0,0,0,1,1,1,1,1,0,0,0,0
Carotte botte,27,,Field,Cool,12M,4,6,7,no,4,7,Carrot,2,2,1,8,0,0,0,0,0,1,1,0,0,0,0,0,0,0,0,1,1,1,1,0,0,0,0,0
Brocoli,26,,Field,Cool,12M,8,11,11,no,4,11,Cooked green,1,1,1,4,0,0,0,0,0,0,0,0,0,0,1,0,0,0,0,0,0,0,0,1,1,1,1,0
Brocoli,25,,Field,Cool,12M,4,6,7,no,4,7,Cooked green,2,2,1,8,0,0,0,0,0,1,1,0,0,0,0,0,0,0,0,1,1,1,1,0,0,0,0,0
Betterave conservation,24,,Field,Cool,12M,7,10,10,yes,4,4,Root crop,1,7,1,28,1,1,1,1,0,0,0,0,0,1,1,1,0,0,0,0,0,0,1,1,1,1,0,0
Betterave conservation,23,,Field,Cool,12M,6,8,9,yes,4,4,Root crop,2,9,1,36,1,1,1,1,0,0,0,1,1,1,1,1,0,0,0,0,0,1,1,1,1,0,0,0
Betterave botte,22,,Tunnel,Cool,12M,4,7,8,no,4,8,Root crop,2,2,1,8,0,0,0,0,0,0,1,1,0,0,0,0,0,0,0,1,1,1,1,1,0,0,0,0
Betterave botte,21,,Tunnel,Cool,12M,3,6,8,no,4,8,Root crop,3,3,1,12,0,0,0,0,0,1,1,1,0,0,0,0,0,0,1,1,1,1,1,1,0,0,0,0
Betterave botte,20,,Tunnel,Cool,12M,2,5,5,no,4,5,Root crop,1,1,1,4,0,0,0,0,1,0,0,0,0,0,0,0,0,1,1,1,1,0,0,0,0,0,0,0
Betterave botte,19,,Tunnel,Cool,12M,9,3,3,no,4,3,Root crop,1,1,1,4,0,0,1,0,0,0,0,0,0,0,0,0,1,1,1,0,0,0,0,0,1,1,1,1
Betterave botte,18,,Field,Cool,12M,8,11,11,no,4,11,Root crop,1,1,1,4,0,0,0,0,0,0,0,0,0,0,1,0,0,0,0,0,0,0,0,1,1,1,1,0
Betterave botte,17,,Field,Cool,12M,5,7,8,no,4,8,Root crop,2,2,1,8,0,0,0,0,0,0,1,1,0,0,0,0,0,0,0,0,1,1,1,1,0,0,0,0
Bette,16,,Tunnel,Cool,12M,10,12,2,no,4,2,Cooked green,3,3,1,12,1,1,0,0,0,0,0,0,0,0,0,1,1,1,0,0,0,0,0,0,0,1,1,1
Bette,15,,Tunnel,Cool,12M,9,10,12,no,4,12,Cooked green,3,3,1,12,0,0,0,0,0,0,0,0,0,1,1,1,0,0,0,0,0,0,0,0,1,1,1,1
Bette,14,,Tunnel,Cool,12M,3,6,9,no,4,9,Cooked green,4,4,1,16,0,0,0,0,0,1,1,1,1,0,0,0,0,0,1,1,1,1,1,1,1,0,0,0
Bette,13,,Field,Cool,12M,7,9,10,no,4,10,Cooked green,2,2,1,8,0,0,0,0,0,0,0,0,1,1,0,0,0,0,0,0,0,0,1,1,1,1,0,0
Bette,12,,Field,Cool,12M,4,6,9,no,4,9,Cooked green,4,4,1,16,0,0,0,0,0,1,1,1,1,0,0,0,0,0,0,1,1,1,1,1,1,0,0,0
Aubergine,11,,Tunnel,Cool,12M,5,8,10,no,4,10,Fruit crop,3,3,2,12,0,0,0,0,0,0,0,1,1,1,0,0,0,0,0,0,1,1,1,1,1,1,0,0
Aubergine,10,,Tunnel,Cool,12M,6,7,9,no,4,9,Fruit crop,3,3,2,12,0,0,0,0,0,0,1,1,1,0,0,0,0,0,0,0,0,1,1,1,1,0,0,0
Aromatique,9,,Tunnel,Cool,12M,9,11,3,no,4,3,Condiment crop,5,5,1,20,1,1,1,0,0,0,0,0,0,0,1,1,1,1,1,0,0,0,0,0,1,1,1,1
Aromatique,8,,Tunnel,Cool,12M,4,6,11,no,4,11,Condiment crop,6,6,1,24,0,0,0,0,0,1,1,1,1,1,1,0,0,0,0,1,1,1,1,1,1,1,1,0
Aromatique,7,,Field,Cool,12M,6,9,10,no,4,10,Condiment crop,2,2,1,8,0,0,0,0,0,0,0,0,1,1,0,0,0,0,0,0,0,1,1,1,1,1,0,0
Aromatique,6,,Field,Cool,12M,5,8,10,no,4,10,Condiment crop,3,3,1,12,0,0,0,0,0,0,0,1,1,1,0,0,0,0,0,0,1,1,1,1,1,1,0,0
Aromatique,5,,Field,Cool,12M,4,5,10,no,4,10,Condiment crop,6,6,1,24,0,0,0,0,1,1,1,1,1,1,0,0,0,0,0,1,1,1,1,1,1,1,0,0
Ail conservation,4,,Tunnel,Cool,12M,9,5,7,yes,4,4,Condiment crop,3,12,1,48,1,1,1,1,1,1,1,1,1,1,1,1,1,1,1,1,1,1,1,0,1,1,1,1
Ail conservation,3,,Field,Cool,12M,10,7,7,yes,4,4,Condiment crop,1,10,1,40,1,1,1,1,0,0,1,1,1,1,1,1,1,1,1,1,1,1,1,0,0,1,1,1
Ail conservation,2,,Field,Cool,12M,3,7,7,yes,4,4,Condiment crop,1,10,1,40,1,1,1,1,0,0,1,1,1,1,1,1,0,0,1,1,1,1,1,0,0,0,0,0
Ail botte,1,,Tunnel,Cool,12M,11,3,5,no,4,5,Condiment crop,3,3,1,12,0,0,1,1,1,0,0,0,0,0,0,0,1,1,1,1,1,0,0,0,0,0,1,1
